0.00075101852417 11.6433315277 4.84606313705 5.78480958939 66.0554656982 -0.218407467008 0.966167271137 0.137182042003
0.0173959732056 11.6433315277 4.84606313705 5.78480958939 66.0554656982 -0.218407467008 0.966167271137 0.137182042003
0.0341420173645 11.6433315277 4.84606313705 5.78480958939 66.0554656982 -0.218407467008 0.966167271137 0.137182042003
0.0508770942688 11.6433315277 4.84606313705 5.78480958939 66.0554656982 -0.218407467008 0.966167271137 0.137182042003
0.0676231384277 11.6433315277 4.84606313705 5.78480958939 66.0554656982 -0.218407467008 0.966167271137 0.137182042003
0.0843820571899 11.6433315277 4.84606313705 5.78480958939 66.0554656982 -0.218407467008 0.966167271137 0.137182042003
0.101099014282 11.6433315277 4.84606313705 5.78480958939 66.0554656982 -0.218407467008 0.966167271137 0.137182042003
0.117838144302 11.6433315277 4.84606313705 5.78480958939 66.0554656982 -0.218407467008 0.966167271137 0.137182042003
0.134585142136 11.6433315277 4.84606313705 5.78480958939 66.0554656982 -0.218407467008 0.966167271137 0.137182042003
0.151363134384 11.6433315277 4.84606313705 5.78480958939 66.0554656982 -0.218407467008 0.966167271137 0.137182042003
0.16807103157 11.6433315277 4.84606313705 5.78480958939 66.0554656982 -0.218407467008 0.966167271137 0.137182042003
0.184823989868 11.6433315277 4.84606313705 5.78480958939 66.0554656982 -0.218407467008 0.966167271137 0.137182042003
0.201558113098 11.6433315277 4.84606313705 5.78480958939 66.0554656982 -0.218407467008 0.966167271137 0.137182042003
0.21829199791 11.6433315277 4.84606313705 5.78480958939 66.0554656982 -0.218407467008 0.966167271137 0.137182042003
0.235044956207 11.6433315277 4.84606313705 5.78480958939 66.0554656982 -0.218407467008 0.966167271137 0.137182042003
0.251790046692 11.6433315277 4.84606313705 5.78480958939 66.0554656982 -0.218407467008 0.966167271137 0.137182042003
0.268531084061 11.6433315277 4.84606313705 5.78480958939 66.0554656982 -0.218407467008 0.966167271137 0.137182042003
0.285270929337 11.6433315277 4.84606313705 5.78480958939 66.0554656982 -0.218407467008 0.966167271137 0.137182042003
0.301998138428 11.6433315277 4.84606313705 5.78480958939 66.0554656982 -0.218407467008 0.966167271137 0.137182042003
0.318743944168 11.6433315277 4.84606313705 5.78480958939 66.0554656982 -0.218407467008 0.966167271137 0.137182042003
0.335490942001 11.6433315277 4.84606313705 5.78480958939 66.0554656982 -0.218407467008 0.966167271137 0.137182042003
0.352252960205 11.6433315277 4.84606313705 5.78480958939 66.0554656982 -0.218407467008 0.966167271137 0.137182042003
0.3689661026 11.6433315277 4.84606313705 5.78480958939 66.0554656982 -0.218407467008 0.966167271137 0.137182042003
0.385719060898 11.6433315277 4.84606313705 5.78480958939 66.0554656982 -0.218407467008 0.966167271137 0.137182042003
0.402478933334 11.6433315277 4.84606313705 5.78480958939 66.0554656982 -0.218407467008 0.966167271137 0.137182042003
0.4192070961 11.6433315277 4.84606313705 5.78480958939 66.0554656982 -0.218407467008 0.966167271137 0.137182042003
0.435945034027 11.6433315277 4.84606313705 5.78480958939 66.0554656982 -0.218407467008 0.966167271137 0.137182042003
0.452711105347 11.6433315277 4.84606313705 5.78480958939 66.0554656982 -0.218407467008 0.966167271137 0.137182042003
0.469439029694 11.6433315277 4.84606313705 5.78480958939 66.0554656982 -0.218407467008 0.966167271137 0.137182042003
0.486182928085 11.6433315277 4.84606313705 5.78480958939 66.0554656982 -0.218407467008 0.966167271137 0.137182042003
0.502924919128 11.6433315277 4.84606313705 5.78480958939 66.0554656982 -0.218407467008 0.966167271137 0.137182042003
0.519655942917 11.6433315277 4.84606313705 5.78480958939 66.0554656982 -0.218407467008 0.966167271137 0.137182042003
0.536431074142 11.6433315277 4.84606313705 5.78480958939 66.0554656982 -0.218407467008 0.966167271137 0.137182042003
0.553148031235 11.6433315277 4.84606313705 5.78480958939 66.0554656982 -0.218407467008 0.966167271137 0.137182042003
0.5699031353 11.6433315277 4.84606313705 5.78480958939 66.0554656982 -0.218407467008 0.966167271137 0.137182042003
0.586625099182 11.6433315277 4.84606313705 5.78480958939 66.0554656982 -0.218407467008 0.966167271137 0.137182042003
0.603379011154 11.6433315277 4.84606313705 5.78480958939 66.0554656982 -0.218407467008 0.966167271137 0.137182042003
0.620106935501 11.6433315277 4.84606313705 5.78480958939 66.0554656982 -0.218407467008 0.966167271137 0.137182042003
0.636866092682 11.6433315277 4.84606313705 5.78480958939 66.0554656982 -0.218407467008 0.966167271137 0.137182042003
0.65359711647 11.6433315277 4.84606313705 5.78480958939 66.0554656982 -0.218407467008 0.966167271137 0.137182042003
0.670336008072 11.6433315277 4.84606313705 5.78480958939 66.0554656982 -0.218407467008 0.966167271137 0.137182042003
0.687091112137 11.6433315277 4.84606313705 5.78480958939 66.0554656982 -0.218407467008 0.966167271137 0.137182042003
0.703822135925 11.6433315277 4.84606313705 5.78480958939 66.0554656982 -0.218407467008 0.966167271137 0.137182042003
0.720585107803 11.6433315277 4.84606313705 5.78480958939 66.0554656982 -0.218407467008 0.966167271137 0.137182042003
0.737317085266 11.6433315277 4.84606313705 5.78480958939 66.0554656982 -0.218407467008 0.966167271137 0.137182042003
0.754054069519 11.6433315277 4.84606313705 5.78480958939 66.0554656982 -0.218407467008 0.966167271137 0.137182042003
0.770798921585 11.6433315277 4.84606313705 5.78480958939 66.0554656982 -0.218407467008 0.966167271137 0.137182042003
0.787539958954 11.6433315277 4.84606313705 5.78480958939 66.0554656982 -0.218407467008 0.966167271137 0.137182042003
0.80432510376 11.6433315277 4.84606313705 5.78480958939 65.895866394 -0.217249542475 0.966529965401 0.136463493109
0.821038007736 11.6433315277 4.84606313705 5.78480958939 65.6456832886 -0.215429231524 0.96714669466 0.134972125292
0.837785959244 11.6433315277 4.84606313705 5.78480958939 65.3499832153 -0.21326598525 0.967889368534 0.133070483804
0.854520082474 11.6433315277 4.84606313705 5.78480958939 65.0320510864 -0.210915759206 0.968691468239 0.130963370204
0.871272087097 11.6433315277 4.84606313705 5.78480958939 64.7141647339 -0.208552896976 0.969490945339 0.128813922405
0.888020038605 11.6433315277 4.84606313705 5.78480958939 64.3964614868 -0.206159263849 0.97028619051 0.126661390066
0.904773950577 11.6433315277 4.84606313705 5.78480958939 64.0787124634 -0.203732252121 0.971077501774 0.124505370855
0.921502113342 11.6433315277 4.84606313705 5.78480958939 63.7616043091 -0.201277002692 0.971863269806 0.12234890461
0.93825006485 11.6433315277 4.84606313705 5.78480958939 63.4442138672 -0.19878475368 0.972645580769 0.120188266039
0.955030918121 11.6433315277 4.84606313705 5.78480958939 63.1271095276 -0.196260422468 0.973422825336 0.118024781346
0.971730947495 11.6433315277 4.84606313705 5.78480958939 62.8101348877 -0.193701535463 0.974195301533 0.115858443081
0.98849105835 11.6433315277 4.84606313705 5.78480958939 62.4933624268 -0.191108122468 0.974962830544 0.113689184189
1.00521802902 11.6433315277 4.84606313705 5.78480958939 62.1766052246 -0.188478067517 0.975725412369 0.111516147852
1.02195811272 11.6433315277 4.84606313705 5.78480958939 61.8602027893 -0.185813590884 0.976482450962 0.109340585768
1.0387339592 11.6433315277 4.84606313705 5.78480958939 61.5433731079 -0.183106839657 0.97723531723 0.107158794999
1.05545496941 11.6433315277 4.84606313705 5.78480958939 61.3853302002 -0.181728452444 0.977645099163 0.105759188533
1.07221794128 11.6432991028 4.84605455399 5.7847905159 61.3177032471 -0.18115003407 0.977820336819 0.105129078031
1.08897900581 11.6430358887 4.84598875046 5.78463983536 61.2952919006 -0.18096794188 0.977878808975 0.104897864163
1.10569000244 11.6421604156 4.84577035904 5.78413820267 61.2567443848 -0.181088551879 0.977853417397 0.104926690459
1.12243199348 11.6400785446 4.84524917603 5.78294181824 61.2025718689 -0.181565150619 0.977744281292 0.105120263994
1.13911294937 11.6360492706 4.84423732758 5.78062152863 61.1367835999 -0.182682648301 0.977479815483 0.105642184615
1.15585803986 11.6290216446 4.84246015549 5.77656173706 61.1016159058 -0.184632092714 0.977009415627 0.106600619853
1.17261314392 11.6178817749 4.83960914612 5.77011346817 61.1165351868 -0.187318667769 0.976341605186 0.108022786677
1.18931794167 11.6013317108 4.83530473709 5.76052761078 61.1622810364 -0.190766468644 0.975456476212 0.10996735096
1.20610904694 11.5774936676 4.82897853851 5.7467250824 61.2360420227 -0.194719031453 0.974415361881 0.112245723605
1.2227640152 11.5455913544 4.8203163147 5.72827100754 61.3371772766 -0.199117943645 0.97322499752 0.114826880395
1.23948407173 11.5026855469 4.808365345 5.70349597931 61.4712715149 -0.204284608364 0.971785783768 0.117898985744
1.25624394417 11.4468002319 4.79234790802 5.67130851746 61.6305122375 -0.209631159902 0.970248818398 0.121127292514
1.27297306061 11.3758010864 4.77139043808 5.63055324554 61.8191566467 -0.215420201421 0.968530833721 0.124667957425
1.28971195221 11.2873268127 4.7444524765 5.5799779892 62.0331573486 -0.221355646849 0.966709315777 0.128353759646
1.30644011497 11.1787672043 4.71034765244 5.5182261467 62.2725982666 -0.227426126599 0.964782357216 0.132182538509
1.32319712639 11.0698328018 4.6750369072 5.45660257339 62.5144195557 -0.233423024416 0.962812304497 0.136037111282
1.33992791176 10.9614562988 4.63882112503 5.39563274384 62.7581710815 -0.239349558949 0.960806071758 0.139869660139
1.35668992996 10.8526391983 4.60136890411 5.33477687836 63.0423927307 -0.245093241334 0.958803892136 0.143612146378
1.37341403961 10.7446041107 4.56312561035 5.2748003006 63.3409080505 -0.250378876925 0.956889569759 0.147216871381
1.3902220726 10.6350154877 4.52332162857 5.21445417404 63.6506309509 -0.255005508661 0.955153942108 0.150509670377
1.40688991547 10.5281829834 4.48362827301 5.15612697601 63.9293632507 -0.259053945541 0.953580319881 0.153543502092
1.42363405228 10.4199399948 4.44259738922 5.09747219086 64.1628799438 -0.262715667486 0.952128887177 0.156304135919
1.44044995308 10.311041832 4.40059041977 5.03882265091 64.3639068604 -0.265687346458 0.950932025909 0.158551082015
1.45712804794 10.2034864426 4.35849285126 4.98120641708 64.5411453247 -0.26845702529 0.949804842472 0.160628989339
1.4740319252 10.0954875946 4.31566476822 4.92361545563 64.6902313232 -0.27079218626 0.948841631413 0.162392228842
1.4906039238 9.98757266998 4.27241182327 4.86628580093 64.8051757812 -0.272439569235 0.948147118092 0.163687631488
1.50734901428 9.87951660156 4.22875642776 4.80905151367 64.8968811035 -0.273919254541 0.947523653507 0.164824515581
1.52408003807 9.77176856995 4.18493318558 4.75210428238 64.9596786499 -0.274977654219 0.947073340416 0.165648549795
1.54086995125 9.66296768188 4.14046287537 4.69467926025 64.9992599487 -0.275877177715 0.946694612503 0.166316196322
1.5575799942 9.55567646027 4.0964345932 4.63808393478 65.0153198242 -0.276612192392 0.946390867233 0.166823521256
1.57431697845 9.44796276093 4.05208778381 4.58126401901 65.0320053101 -0.277373880148 0.946086764336 0.167282864451
1.59105992317 9.34013843536 4.00755023956 4.52438545227 65.0487442017 -0.278135299683 0.945781826973 0.167742058635
1.60780310631 9.23236942291 3.96289014816 4.46753644943 65.0655212402 -0.278896123171 0.945476293564 0.168200910091
1.62456512451 9.12476158142 3.91815161705 4.41077232361 65.0823440552 -0.279656082392 0.945170044899 0.168659210205
1.64129209518 9.01692485809 3.87317180634 4.35388708115 65.0992431641 -0.280416041613 0.944863021374 0.169117555022
1.65804004669 8.90921211243 3.82809638977 4.29705619812 65.0977783203 -0.281245082617 0.944526553154 0.169619500637
1.67477607727 8.8017578125 3.78297424316 4.24030399323 65.0786056519 -0.282169789076 0.944161355495 0.170115962625
1.69152712822 8.69407653809 3.73759436607 4.18333911896 65.0600891113 -0.283122122288 0.94379556179 0.170563369989
1.70833110809 8.58589172363 3.69185185432 4.12601709366 65.0358886719 -0.283823132515 0.943531572819 0.170858561993
1.72510910034 8.4774684906 3.64589214325 4.06846618652 64.9933242798 -0.284596025944 0.943237006664 0.171198368073
1.74186205864 8.37007808685 3.60024690628 4.01131439209 64.9331741333 -0.285465419292 0.94291383028 0.171531394124
1.75859904289 8.2630443573 3.55462384224 3.95417022705 64.8737487793 -0.286362051964 0.942590355873 0.171814233065
1.77533912659 8.15608215332 3.50890016556 3.89687228203 64.7960891724 -0.287331551313 0.942235529423 0.172141805291
1.792096138 8.04890346527 3.462931633 3.83921909332 64.70652771 -0.288656443357 0.941743612289 0.172616004944
1.80885100365 7.94192361832 3.4168510437 3.78138780594 64.5994338989 -0.290083676577 0.94121915102 0.173084065318
1.82558202744 7.8355846405 3.37084341049 3.7235853672 64.4933242798 -0.29153996706 0.940692543983 0.173499375582
1.84234309196 7.72886657715 3.32446575165 3.66524791718 64.3689193726 -0.293075829744 0.940129876137 0.173960998654
1.85909795761 7.62244081497 3.27800178528 3.60670542717 64.2453994751 -0.294643759727 0.939563930035 0.174369394779
1.87579393387 7.51731920242 3.23189401627 3.54850959778 64.1043930054 -0.296286284924 0.938963472843 0.174819633365
1.89255905151 7.41146659851 3.18525362015 3.4894888401 63.93957901 -0.297784596682 0.938434004784 0.17511716485
1.90927290916 7.30613183975 3.13868331909 3.43030238152 63.7637786865 -0.298803716898 0.938120663166 0.175059661269
1.92599391937 7.20119047165 3.09222579002 3.37088489532 63.5761108398 -0.299313098192 0.938024997711 0.174702033401
1.94275403023 7.09579706192 3.04558944702 3.31074428558 63.3637466431 -0.299642384052 0.938005566597 0.174241214991
1.9595079422 6.99058580399 2.99909186363 3.25017929077 63.1094512939 -0.2998932302 0.938031375408 0.173670172691
1.97627711296 6.88568687439 2.95282506943 3.18919444084 62.8502960205 -0.299936980009 0.938169896603 0.172843694687
1.99301314354 6.78082895279 2.90672826767 3.12762284279 62.5604896545 -0.29953071475 0.938498139381 0.171763718128
2.00976490974 6.67624807358 2.86096954346 3.065564394 62.2711410522 -0.299144536257 0.938827931881 0.170629993081
2.02649497986 6.57219219208 2.81566810608 3.00316929817 61.9758605957 -0.298486411572 0.939269661903 0.16934658587
2.04324102402 6.46801137924 2.77060008049 2.94004654884 61.6680297852 -0.29728153348 0.939936101437 0.167761653662
2.0599861145 6.36403799057 2.72599339485 2.87639331818 61.3540725708 -0.295790910721 0.940714538097 0.166023477912
2.07677912712 6.25930356979 2.68148159981 2.81159615517 61.0146217346 -0.294080257416 0.941574931145 0.164175361395
2.09350705147 6.15595960617 2.63801765442 2.74694728851 60.6710205078 -0.292105585337 0.942544639111 0.162123441696
2.11023497581 6.05273962021 2.59511160851 2.68167519569 60.339756012 -0.289744377136 0.943657040596 0.159873723984
2.12697291374 5.94948291779 2.55276727676 2.6157348156 60.0331077576 -0.28660812974 0.945050477982 0.157274842262
2.14371800423 5.84611082077 2.51104354858 2.54916810989 59.7625846863 -0.283221125603 0.94649887085 0.154679343104
2.16045713425 5.74321556091 2.47019410133 2.48245167732 59.5290145874 -0.279594033957 0.947995424271 0.152091294527
2.17711496353 5.64109945297 2.43038105965 2.41588139534 59.3162879944 -0.274886220694 0.949853003025 0.149053290486
2.19398713112 5.53697443008 2.39065027237 2.34773302078 59.1400489807 -0.269900619984 0.951755344868 0.145997807384
2.21059703827 5.43421173096 2.35231304169 2.28031873703 59.0213928223 -0.264626681805 0.953703045845 0.142909675837
2.22731614113 5.33087205887 2.31465673447 2.21250557899 58.9407081604 -0.259095966816 0.95567125082 0.139863029122
2.24407410622 5.22665643692 2.27758908272 2.14420747757 58.9228668213 -0.253555059433 0.957581520081 0.136921390891
2.26083612442 5.12197542191 2.24126124382 2.07582116127 58.9200325012 -0.247568666935 0.959572792053 0.133902043104
2.27754402161 5.01794052124 2.20609688759 2.00813269615 58.9572563171 -0.24143011868 0.961557030678 0.13084179163
2.29429602623 4.91274595261 2.17149996758 1.94008183479 59.0537490845 -0.235028848052 0.963559746742 0.127726450562
2.31104803085 4.80713558197 2.13774490356 1.87229549885 59.1904602051 -0.228444904089 0.965544521809 0.124646395445
2.32777905464 4.70141267776 2.10493922234 1.80506896973 59.3679351807 -0.221722632647 0.967502951622 0.121561408043
2.34455704689 4.59465742111 2.07281470299 1.73793506622 59.6061515808 -0.214797884226 0.96945220232 0.118424646556
2.36127710342 4.48771381378 2.04164433479 1.67155706882 59.8661575317 -0.20781211555 0.971342861652 0.115356892347
2.3779900074 4.38068294525 2.01144194603 1.60604226589 60.1526222229 -0.201108470559 0.973094105721 0.112442545593
2.39474201202 4.27228736877 1.9818212986 1.54067778587 60.4817619324 -0.194322869182 0.97480994463 0.109472513199
2.41148400307 4.16346693039 1.95306897163 1.47614336014 60.8488464355 -0.187181323767 0.976553320885 0.106332816184
2.42823696136 4.05411577225 1.9251781702 1.41250193119 61.3042411804 -0.180462062359 0.978126108646 0.103454016149
2.44497013092 3.9437289238 1.89801394939 1.34973108768 61.9275894165 -0.172476261854 0.979932129383 0.0999247357249
2.46172499657 3.83238387108 1.87176549435 1.28827679157 62.6258468628 -0.163751676679 0.981797993183 0.0962182730436
2.47845292091 3.72025084496 1.84656774998 1.22843337059 63.4042854309 -0.154719486833 0.983633637428 0.0923408716917
2.49520897865 3.60664510727 1.82231485844 1.17002081871 64.2291793823 -0.145768076181 0.985352635384 0.0884979888797
2.51194691658 3.49233198166 1.79917263985 1.11351776123 65.059715271 -0.137039780617 0.986938357353 0.084692850709
2.52871513367 3.37644815445 1.77696216106 1.05850827694 65.8982391357 -0.128543153405 0.98840212822 0.0808571055532
2.54543495178 3.26036572456 1.75593805313 1.00563657284 66.7214660645 -0.120332501829 0.989740252495 0.077035613358
2.56218695641 3.14270710945 1.73584067822 0.954252898693 67.5721511841 -0.112322174013 0.990976214409 0.0731429159641
2.57890892029 3.02466583252 1.71687400341 0.904938459396 68.4469909668 -0.104509696364 0.99211025238 0.0692463070154
2.59567213058 2.90488743782 1.69881939888 0.857174992561 69.3293991089 -0.0968973711133 0.993147134781 0.0653425082564
2.61245799065 2.78537011147 1.68197250366 0.81178599596 70.2540512085 -0.0894852727652 0.994093120098 0.0614107325673
2.62918591499 2.66362023354 1.6659591198 0.767940223217 71.2503890991 -0.0826837494969 0.994899332523 0.0577819496393
2.64591002464 2.54196810722 1.65098917484 0.726614952087 72.2728805542 -0.0767870917916 0.995545566082 0.0547066889703
2.66263914108 2.41944527626 1.63679361343 0.68751001358 73.3231658936 -0.0717669427395 0.996057808399 0.0521377362311
2.6794090271 2.29532408714 1.62315249443 0.650429010391 74.3424606323 -0.0676222145557 0.996451854706 0.0501098036766
2.69619202614 2.17104959488 1.61005723476 0.615640461445 75.1890106201 -0.0649007335305 0.996686816216 0.0490224510431
2.71291208267 2.04579281807 1.59718847275 0.582570493221 76.0029067993 -0.0632555633783 0.996816456318 0.0485347658396
2.72962093353 1.92128753662 1.58454656601 0.551563024521 76.7584762573 -0.0623733885586 0.996870100498 0.0485754795372
2.74644207954 1.79403829575 1.57164478302 0.521633505821 77.4813461304 -0.0619962923229 0.996875464916 0.0489465296268
2.76316404343 1.66845297813 1.55883514881 0.493759870529 78.2028884888 -0.0620675571263 0.996836602688 0.0496436171234
2.77991700172 1.541867733 1.545753479 0.467326939106 78.9281158447 -0.0625581741333 0.996753513813 0.0506848879158
2.79669213295 1.41506123543 1.53239679337 0.442495048046 79.6343536377 -0.0632522851229 0.99664658308 0.0519096553326
2.81341910362 1.28797149658 1.51870954037 0.419192612171 80.3018569946 -0.0641653686762 0.996513843536 0.0533184297383
2.8301589489 1.16096389294 1.50468242168 0.397390246391 80.9302139282 -0.0652995854616 0.996354281902 0.0548996180296
2.84689593315 1.03375554085 1.49023580551 0.376942694187 81.5200653076 -0.0666518434882 0.996166586876 0.0566538721323
2.86365103722 0.905969917774 1.47527587414 0.357679218054 82.0321426392 -0.0682482346892 0.995945572853 0.0586065985262
2.88040304184 0.778701603413 1.45990347862 0.339569360018 82.4427032471 -0.0697186440229 0.995736658573 0.0603967942297
2.89715695381 0.650658726692 1.44401550293 0.322211682796 82.771774292 -0.070878431201 0.995566666126 0.0618323646486
2.91388607025 0.523121476173 1.42784631252 0.305600106716 83.0195465088 -0.0719214528799 0.995412647724 0.0630950108171
2.93062496185 0.395514965057 1.41136741638 0.289486378431 83.2065124512 -0.0728436559439 0.995276629925 0.0641727820039
2.94737005234 0.267729640007 1.39460790157 0.273744434118 83.3724517822 -0.0736105069518 0.995163083076 0.0650528371334
2.96410608292 0.140140205622 1.3776614666 0.258352935314 83.4772033691 -0.0742309913039 0.995068907738 0.0657849684358
2.98086905479 0.0120468512177 1.36047875881 0.243103295565 83.5410385132 -0.0747172832489 0.994996190071 0.0663317814469
2.99758911133 -0.115405924618 1.34325778484 0.228053167462 83.5835494995 -0.0750438049436 0.994947552681 0.0666916593909
3.01433491707 -0.243179008365 1.32591450214 0.213043764234 83.6047973633 -0.0752012059093 0.994923114777 0.0668783262372
3.0310781002 -0.370836913586 1.30855286121 0.198081433773 83.6047134399 -0.0751896053553 0.994923114777 0.0668914988637
3.04782605171 -0.498353004456 1.29121053219 0.183135554194 83.6047134399 -0.0751895979047 0.994923114777 0.0668914988637
3.06458497047 -0.626076340675 1.27384006977 0.168165400624 83.6047134399 -0.0751895979047 0.994923114777 0.0668914988637
3.08129191399 -0.753412604332 1.25652229786 0.153240606189 83.6047134399 -0.0751895979047 0.994923114777 0.0668914988637
3.09803509712 -0.881185054779 1.23914515972 0.138264670968 83.6047134399 -0.0751895979047 0.994923114777 0.0668914988637
3.11475491524 -1.00835800171 1.22184956074 0.123359009624 83.6047134399 -0.0751895979047 0.994923114777 0.0668914988637
3.13149499893 -1.13613033295 1.2044724226 0.108383089304 83.6047134399 -0.0751895979047 0.994923114777 0.0668914988637
3.14825606346 -1.26388096809 1.18709814548 0.093409717083 83.6047134399 -0.0751895979047 0.994923114777 0.0668914988637
3.1649749279 -1.39137530327 1.1697589159 0.078466385603 83.6047134399 -0.0751895979047 0.994923114777 0.0668914988637
3.1817009449 -1.51882600784 1.15242540836 0.0635281652212 83.6047134399 -0.0751895979047 0.994923114777 0.0668914988637
3.19840598106 -1.64591193199 1.13514149189 0.0486326962709 83.6047134399 -0.0751895979047 0.994923114777 0.0668914988637
3.21515393257 -1.77374982834 1.11775553226 0.0336490944028 83.6047134399 -0.0751895979047 0.994923114777 0.0668914988637
3.23187804222 -1.90128779411 1.10041034222 0.0187006592751 83.6047134399 -0.0751895979047 0.994923114777 0.0668914988637
3.24863910675 -2.02908205986 1.08303010464 0.00372217549011 83.6047134399 -0.0751895979047 0.994923114777 0.0668914988637
3.26538109779 -2.15673995018 1.06566846371 -0.0112403202802 83.6047134399 -0.0751895979047 0.994923114777 0.0668914988637
3.28211092949 -2.28428339958 1.0483225584 -0.0261893924326 83.6047134399 -0.0751895979047 0.994923114777 0.0668914988637
3.29881501198 -2.41227984428 1.03091490269 -0.0411915592849 83.6047134399 -0.0751895979047 0.994923114777 0.0668914988637
3.31556892395 -2.53980135918 1.01357185841 -0.0561380796134 83.6047134399 -0.0751895979047 0.994923114777 0.0668914988637
3.33234500885 -2.66761755943 0.996188759804 -0.0711191222072 83.6047134399 -0.0751895979047 0.994923114777 0.0668914988637
3.34908294678 -2.79543375969 0.978805661201 -0.0861001685262 83.6047134399 -0.0751895979047 0.994923114777 0.0668914988637
3.36581802368 -2.92302060127 0.961453676224 -0.101054348052 83.6047134399 -0.0751895979047 0.994923114777 0.0668914988637
3.38256192207 -3.05090212822 0.944061636925 -0.116043068469 83.6047134399 -0.0751895979047 0.994923114777 0.0668914988637
3.39929699898 -3.17844557762 0.926715612411 -0.130992144346 83.6047134399 -0.0751895979047 0.994923114777 0.0668914988637
3.41601490974 -3.3065841198 0.909288644791 -0.146010965109 83.6047134399 -0.0751895979047 0.994923114777 0.0668914988637
3.43274998665 -3.43414950371 0.891939640045 -0.160962581635 83.6047134399 -0.0751895979047 0.994923114777 0.0668914988637
3.44947695732 -3.56157279015 0.874609947205 -0.175897598267 83.6047134399 -0.0751895979047 0.994923114777 0.0668914988637
3.46621799469 -3.68923068047 0.857248306274 -0.19086009264 83.6047134399 -0.0751895979047 0.994923114777 0.0668914988637
3.48297309875 -3.8172762394 0.839833974838 -0.205868035555 83.6047134399 -0.0751895979047 0.994923114777 0.0668914988637
3.49969792366 -3.94470524788 0.822503566742 -0.220803707838 83.6047134399 -0.0751895979047 0.994923114777 0.0668914988637
3.5165450573 -4.07401180267 0.804917693138 -0.235959470272 83.6047134399 -0.0751895979047 0.994923114777 0.0668914988637
3.53316807747 -4.19978046417 0.787812948227 -0.250700592995 83.6047134399 -0.0751895979047 0.994923114777 0.0668914988637
3.54990696907 -4.32738876343 0.770458102226 -0.265657305717 83.6047134399 -0.0751895979047 0.994923114777 0.0668914988637
3.56665897369 -4.4553194046 0.753059387207 -0.280651807785 83.6047134399 -0.0751895979047 0.994923114777 0.0668914988637
3.58341193199 -4.58332157135 0.735651016235 -0.295654594898 83.6047134399 -0.0751895979047 0.994923114777 0.0668914988637
3.60014295578 -4.7107667923 0.718318343163 -0.31059217453 83.6047134399 -0.0751895979047 0.994923114777 0.0668914988637
3.61692404747 -4.83934307098 0.700831890106 -0.325662314892 83.6047134399 -0.0751895979047 0.994923114777 0.0668914988637
3.63362407684 -4.9660654068 0.683597564697 -0.340515136719 83.6047134399 -0.0751895979047 0.994923114777 0.0668914988637
3.65035891533 -5.09373950958 0.666233778 -0.355479538441 83.6047134399 -0.0751895979047 0.994923114777 0.0668914988637
3.66711807251 -5.22183418274 0.648812770844 -0.370493233204 83.6047134399 -0.0751895979047 0.994923114777 0.0668914988637
3.68385410309 -5.34939956665 0.631463766098 -0.385444879532 83.6047134399 -0.0751895979047 0.994923114777 0.0668914988637
3.70060110092 -5.47682285309 0.614134073257 -0.400379896164 83.6047134399 -0.0751895979047 0.994923114777 0.0668914988637
3.71733498573 -5.60473155975 0.59673833847 -0.415371835232 83.6047134399 -0.0751895979047 0.994923114777 0.0668914988637
3.73407697678 -5.73241138458 0.579373836517 -0.430336892605 83.6047134399 -0.0751895979047 0.994923114777 0.0668914988637
3.75082111359 -5.86027145386 0.561984777451 -0.445323050022 83.6047134399 -0.0751895979047 0.994923114777 0.0668914988637
3.76755309105 -5.98772239685 0.544651389122 -0.460261285305 83.6047134399 -0.0751895979047 0.994923114777 0.0668914988637
3.78430700302 -6.11547279358 0.527277231216 -0.475234627724 83.6047134399 -0.0751895979047 0.994923114777 0.0668914988637
3.80103111267 -6.21931648254 0.513154387474 -0.487405955791 83.6047134399 -0.0751895979047 0.994923114777 0.0668914988637
3.81779313087 -6.30272960663 0.501810073853 -0.497182667255 83.6047134399 -0.0751895979047 0.994923114777 0.0668914988637
3.83452391624 -6.36798191071 0.492935776711 -0.504830658436 83.6047134399 -0.0751895979047 0.994923114777 0.0668914988637
3.85127496719 -6.41841697693 0.486076593399 -0.510742008686 83.6047134399 -0.0751895979047 0.994923114777 0.0668914988637
3.86800408363 -6.45617389679 0.480941653252 -0.515167415142 83.6047134399 -0.0751895979047 0.994923114777 0.0668914988637
3.88478398323 -6.48394966125 0.47716408968 -0.51842302084 83.6047134399 -0.0751895979047 0.994923114777 0.0668914988637
3.90149593353 -6.5032119751 0.474544405937 -0.520680725574 83.6047134399 -0.0751895979047 0.994923114777 0.0668914988637
3.9182369709 -6.51619243622 0.472779035568 -0.522202193737 83.6047134399 -0.0751895979047 0.994923114777 0.0668914988637
3.93497490883 -6.52435684204 0.471668720245 -0.523159086704 83.6047134399 -0.0751895979047 0.994923114777 0.0668914988637
3.95170903206 -6.52908229828 0.471026062965 -0.523712933064 83.6047134399 -0.0751895979047 0.994923114777 0.0668914988637
3.96847105026 -6.53150272369 0.470696806908 -0.523996651173 83.6047134399 -0.0751895979047 0.994923114777 0.0668914988637
3.98519206047 -6.53252410889 0.470557868481 -0.524116337299 83.6047134399 -0.0751895979047 0.994923114777 0.0668914988637
4.00191402435 -6.53282546997 0.470516860485 -0.524151742458 83.6047134399 -0.0751895979047 0.994923114777 0.0668914988637
4.01866912842 -6.53286361694 0.470511674881 -0.524156153202 83.6047134399 -0.0751895979047 0.994923114777 0.0668914988637
4.03538894653 -6.53286361694 0.470511674881 -0.524156153202 83.6047134399 -0.0751895979047 0.994923114777 0.0668914988637
4.05212497711 -6.53286361694 0.470511674881 -0.524156153202 83.6047134399 -0.0751895979047 0.994923114777 0.0668914988637
4.06888103485 -6.53286361694 0.470511674881 -0.524156153202 83.6047134399 -0.0751895979047 0.994923114777 0.0668914988637
4.08562111855 -6.53286361694 0.470511674881 -0.524156153202 83.6047134399 -0.0751895979047 0.994923114777 0.0668914988637
4.10237598419 -6.53286361694 0.470511674881 -0.524156153202 83.6047134399 -0.0751895979047 0.994923114777 0.0668914988637
4.11911201477 -6.53286361694 0.470511674881 -0.524156153202 83.6047134399 -0.0751895979047 0.994923114777 0.0668914988637
4.13584399223 -6.53286361694 0.470511674881 -0.524156153202 83.6047134399 -0.0751895979047 0.994923114777 0.0668914988637
4.15260100365 -6.53286361694 0.470511674881 -0.524156153202 83.6047134399 -0.0751895979047 0.994923114777 0.0668914988637
4.16934895515 -6.53286361694 0.470511674881 -0.524156153202 83.6047134399 -0.0751895979047 0.994923114777 0.0668914988637
4.18615007401 -6.53286361694 0.470511674881 -0.524156153202 83.6047134399 -0.0751895979047 0.994923114777 0.0668914988637
4.20282006264 -6.53286361694 0.470511674881 -0.524156153202 83.6047134399 -0.0751895979047 0.994923114777 0.0668914988637
4.21956706047 -6.53286361694 0.470511674881 -0.524156153202 83.6047134399 -0.0751895979047 0.994923114777 0.0668914988637
4.23631811142 -6.53286361694 0.470511674881 -0.524156153202 83.6047134399 -0.0751895979047 0.994923114777 0.0668914988637
4.25309705734 -6.53286361694 0.470511674881 -0.524156153202 83.6047134399 -0.0751895979047 0.994923114777 0.0668914988637
4.26983809471 -6.53286361694 0.470511674881 -0.524156153202 83.6047134399 -0.0751895979047 0.994923114777 0.0668914988637
4.28656411171 -6.53286361694 0.470511674881 -0.524156153202 83.6047134399 -0.0751895979047 0.994923114777 0.0668914988637
4.30331802368 -6.53286361694 0.470511674881 -0.524156153202 83.6047134399 -0.0751895979047 0.994923114777 0.0668914988637
4.32005810738 -6.53286361694 0.470511674881 -0.524156153202 83.6047134399 -0.0751895979047 0.994923114777 0.0668914988637
4.33681702614 -6.53286361694 0.470511674881 -0.524156153202 83.6047134399 -0.0751895979047 0.994923114777 0.0668914988637
4.35354304314 -6.53286361694 0.470511674881 -0.524156153202 83.6047134399 -0.0751895979047 0.994923114777 0.0668914988637
4.37028598785 -6.53286361694 0.470511674881 -0.524156153202 83.6047134399 -0.0751895979047 0.994923114777 0.0668914988637
4.3870279789 -6.53286361694 0.470511674881 -0.524156153202 83.6047134399 -0.0751895979047 0.994923114777 0.0668914988637
4.40378308296 -6.53286361694 0.470511674881 -0.524156153202 83.6047134399 -0.0751895979047 0.994923114777 0.0668914988637
4.42055010796 -6.53286361694 0.470511674881 -0.524156153202 83.6047134399 -0.0751895979047 0.994923114777 0.0668914988637
4.43727207184 -6.53286361694 0.470511674881 -0.524156153202 83.6047134399 -0.0751895979047 0.994923114777 0.0668914988637
4.4540169239 -6.53286361694 0.470511674881 -0.524156153202 83.6047134399 -0.0751895979047 0.994923114777 0.0668914988637
4.47076010704 -6.53286361694 0.470511674881 -0.524156153202 83.6047134399 -0.0751895979047 0.994923114777 0.0668914988637
4.48750114441 -6.53286361694 0.470511674881 -0.524156153202 83.6047134399 -0.0751895979047 0.994923114777 0.0668914988637
4.50426101685 -6.53286361694 0.470511674881 -0.524156153202 83.6047134399 -0.0751895979047 0.994923114777 0.0668914988637
4.52098703384 -6.53286361694 0.470511674881 -0.524156153202 83.6047134399 -0.0751895979047 0.994923114777 0.0668914988637
4.5377240181 -6.53286361694 0.470511674881 -0.524156153202 83.6047134399 -0.0751895979047 0.994923114777 0.0668914988637
4.55446791649 -6.53286361694 0.470511674881 -0.524156153202 83.6047134399 -0.0751895979047 0.994923114777 0.0668914988637
4.57121300697 -6.53286361694 0.470511674881 -0.524156153202 83.6047134399 -0.0751895979047 0.994923114777 0.0668914988637
4.58795213699 -6.53286361694 0.470511674881 -0.524156153202 83.6047134399 -0.0751895979047 0.994923114777 0.0668914988637
4.60472202301 -6.53286361694 0.470511674881 -0.524156153202 83.6047134399 -0.0751895979047 0.994923114777 0.0668914988637
4.62143707275 -6.53286361694 0.470511674881 -0.524156153202 83.6047134399 -0.0751895979047 0.994923114777 0.0668914988637
4.63818001747 -6.53286361694 0.470511674881 -0.524156153202 83.6047134399 -0.0751895979047 0.994923114777 0.0668914988637
4.65492010117 -6.53286361694 0.470511674881 -0.524156153202 83.6047134399 -0.0751895979047 0.994923114777 0.0668914988637
4.67167711258 -6.53286361694 0.470511674881 -0.524156153202 83.6047134399 -0.0751895979047 0.994923114777 0.0668914988637
4.68842291832 -6.53286361694 0.470511674881 -0.524156153202 83.6047134399 -0.0751895979047 0.994923114777 0.0668914988637
