0.000132083892822 -2.0 0.00290000066161 12.0 0.0 1.0 0.0 0.0
0.0166900157928 -2.0 0.00290000066161 12.0 0.0 1.0 0.0 0.0
0.0333449840546 -2.0 0.00290000066161 12.0 0.0 1.0 0.0 0.0
0.049663066864 -2.0 0.00290000066161 12.0 0.0 1.0 0.0 0.0
0.0667080879211 -2.0 0.00290000066161 12.0 0.0 1.0 0.0 0.0
0.0833630561829 -2.0 0.00290000066161 12.0 0.0 1.0 0.0 0.0
0.100020170212 -2.0 0.00290000066161 12.0 0.0 1.0 0.0 0.0
0.116701126099 -2.0 0.00290000066161 12.0 0.0 1.0 0.0 0.0
0.133409976959 -2.0 0.00290000066161 12.0 0.0 1.0 0.0 0.0
0.150066137314 -2.0 0.00290000066161 12.0 0.0 1.0 0.0 0.0
0.166758060455 -2.0 0.00290000066161 12.0 0.0 1.0 0.0 0.0
0.183400154114 -2.0 0.00290000066161 12.0 0.0 1.0 0.0 0.0
0.200070142746 -2.0 0.00290000066161 12.0 0.0 1.0 0.0 0.0
0.216763973236 -2.0 0.00290000066161 12.0 0.0 1.0 0.0 0.0
0.233443975449 -2.0 0.00290000066161 12.0 0.0 1.0 0.0 0.0
0.250112056732 -2.0 0.00290000066161 12.0 0.0 1.0 0.0 0.0
0.26678609848 -2.0 0.00290000066161 12.0 0.0 1.0 0.0 0.0
0.283463001251 -2.0 0.00290000066161 12.0 0.0 1.0 0.0 0.0
0.300114154816 -2.0 0.00290000066161 12.0 0.0 1.0 0.0 0.0
0.316807031631 -2.0 0.00290000066161 12.0 0.0 1.0 0.0 0.0
0.333499193192 -2.0 0.00290000066161 12.0 0.0 1.0 0.0 0.0
0.350165128708 -2.0 0.00290000066161 12.0 0.0 1.0 0.0 0.0
0.366832971573 -2.0 0.00290000066161 12.0 0.0 1.0 0.0 0.0
0.383493185043 -2.0 0.00290000066161 12.0 0.0 1.0 0.0 0.0
0.400171041489 -2.0 0.00290000066161 12.0 0.0 1.0 0.0 0.0
0.416859149933 -2.0 0.00290000066161 12.0 0.0 1.0 0.0 0.0
0.433165073395 -2.0 0.00290000066161 12.0 0.0 1.0 0.0 0.0
0.450240135193 -2.0 0.00290000066161 12.0 0.0 1.0 0.0 0.0
0.466873168945 -2.0 0.00290000066161 12.0 0.0 1.0 0.0 0.0
0.483572006226 -2.0 0.00290000066161 12.0 0.0 1.0 0.0 0.0
0.500216960907 -2.0 0.00290000066161 12.0 0.0 1.0 0.0 0.0
0.51687502861 -2.0 0.00290000066161 12.0 0.0 1.0 0.0 0.0
0.533574104309 -2.0 0.00290000066161 12.0 0.0 1.0 0.0 0.0
0.550238132477 -2.0 0.00290000066161 12.0 0.0 1.0 0.0 0.0
0.566919088364 -2.0 0.00290000066161 12.0 0.0 1.0 0.0 0.0
0.58358502388 -2.0 0.00290000066161 12.0 0.0 1.0 0.0 0.0
0.600246191025 -2.0 0.00290000066161 12.0 0.0 1.0 0.0 0.0
0.616937160492 -2.0 0.00290000066161 12.0 0.0 1.0 0.0 0.0
0.633589029312 -2.0 0.00290000066161 12.0 0.0 1.0 0.0 0.0
0.650282144547 -2.0 0.00290000066161 12.0 0.0 1.0 0.0 0.0
0.666969060898 -2.0 0.00290000066161 12.0 0.0 1.0 0.0 0.0
0.68364405632 -2.0 0.00290000066161 12.0 0.0 1.0 0.0 0.0
0.700286149979 -2.0 0.00290000066161 12.0 0.0 1.0 0.0 0.0
0.716964960098 -2.0 0.00290000066161 12.0 0.0 1.0 0.0 0.0
0.733658075333 -2.0 0.00290000066161 12.0 0.0 1.0 0.0 0.0
0.750315189362 -2.0 0.00290000066161 12.0 0.0 1.0 0.0 0.0
0.766999006271 -2.0 0.00290000066161 12.0 0.0 1.0 0.0 0.0
0.783665180206 -2.0 0.00290000066161 12.0 0.0 1.0 0.0 0.0
0.800318002701 -2.0 0.00290000066161 12.0 0.0 1.0 0.0 0.0
0.8170170784 -2.0 0.00290000066161 12.0 0.0 1.0 0.0 0.0
0.833707094193 -2.0 0.00290000066161 12.0 0.0 1.0 0.0 0.0
0.85035610199 -2.0 0.00290000066161 12.0 0.0 1.0 0.0 0.0
0.86701798439 -2.0 0.00290000066161 12.0 0.0 1.0 0.0 0.0
0.883697032928 -2.0 0.00290000066161 12.0 0.0 1.0 0.0 0.0
0.900365114212 -2.0 0.00290000066161 12.0 0.0 1.0 0.0 0.0
0.917036056519 -2.0 0.00290000066161 12.0 0.0 1.0 0.0 0.0
0.933745145798 -2.0 0.00290000066161 12.0 0.0 1.0 0.0 0.0
0.950397014618 -2.0 0.00290000066161 12.0 0.0 1.0 0.0 0.0
0.967053174973 -2.0 0.00290000066161 12.0 0.0 1.0 0.0 0.0
0.983747005463 -2.0 0.00290000066161 12.0 0.0 1.0 0.0 0.0
1.00004506111 -2.0 0.00290000066161 12.0 0.0 1.0 0.0 0.0
1.01723599434 -2.0 0.00290000066161 12.0 0.0 1.0 0.0 0.0
1.03392696381 -2.0 0.00290000066161 12.0 0.0 1.0 0.0 0.0
1.05059313774 -2.0 0.00290000066161 12.0 0.0 1.0 0.0 0.0
1.06726908684 -2.0 0.00290000066161 12.0 0.0 1.0 0.0 0.0
1.08393096924 -2.0 0.00290000066161 12.0 0.0 1.0 0.0 0.0
1.10061216354 -2.0 0.00290000066161 12.0 0.0 1.0 0.0 0.0
1.1172850132 -2.0 0.00290000066161 12.0 0.0 1.0 0.0 0.0
1.13400101662 -2.0 0.00290000066161 12.0 0.0 1.0 0.0 0.0
1.15065717697 -2.0 0.00290000066161 12.0 0.0 1.0 0.0 0.0
1.16680407524 -2.0 0.00290000066161 12.0 0.0 1.0 0.0 0.0
1.18349599838 -2.0 0.00290000066161 12.0 0.0 1.0 0.0 0.0
1.20025014877 -2.0 0.00290000066161 12.0 0.0 1.0 0.0 0.0
1.2168431282 -2.0 0.00290000066161 12.0 0.0 1.0 0.0 0.0
1.2335190773 -2.0 0.00290000066161 12.0 0.0 1.0 0.0 0.0
1.250218153 -2.0 0.00290000066161 12.0 0.0 1.0 0.0 0.0
1.26687216759 -2.0 0.00290000066161 12.0 0.0 1.0 0.0 0.0
1.28355503082 -2.0 0.00290000066161 12.0 0.0 1.0 0.0 0.0
1.30022501945 -2.0 0.00290000066161 12.0 0.0 1.0 0.0 0.0
1.3168990612 -2.0 0.00290000066161 12.0 0.0 1.0 0.0 0.0
1.33356714249 -2.0 0.00290000066161 12.0 0.0 1.0 0.0 0.0
1.35076498985 -2.0 0.00290000066161 12.0 0.0 1.0 0.0 0.0
1.36693310738 -2.0 0.00290000066161 12.0 0.0 1.0 0.0 0.0
1.38360500336 -2.0 0.00290000066161 12.0 0.0 1.0 0.0 0.0
1.40077710152 -2.0 0.00290000066161 12.0 0.0 1.0 0.0 0.0
1.41695713997 -2.0 0.00290000066161 12.0 0.0 1.0 0.0 0.0
1.43362998962 -2.0 0.00290000066161 12.0 0.0 1.0 0.0 0.0
1.45033097267 -2.0 0.00290000066161 12.0 0.0 1.0 0.0 0.0
1.46698498726 -2.0 0.00290000066161 12.0 0.0 1.0 0.0 0.0
1.48366212845 -2.0 0.00290000066161 12.0 0.0 1.0 0.0 0.0
1.50034999847 -2.0 0.00290000066161 12.0 0.0 1.0 0.0 0.0
1.51701617241 -2.0 0.00290000066161 12.0 0.0 1.0 0.0 0.0
1.53369903564 -2.0 0.00290000066161 12.0 0.0 1.0 0.0 0.0
1.55038809776 -2.0 0.00290000066161 12.0 0.0 1.0 0.0 0.0
1.56704998016 -2.0 0.00290000066161 12.0 0.0 1.0 0.0 0.0
1.58372211456 -2.0 0.00290000066161 12.0 0.0 1.0 0.0 0.0
1.60039901733 -2.0 0.00290000066161 12.0 0.0 1.0 0.0 0.0
1.61707210541 -2.0 0.00290000066161 12.0 0.0 1.0 0.0 0.0
1.63375806808 -2.0 0.00290000066161 12.0 0.0 1.0 0.0 0.0
1.65043997765 -2.0 0.00290000066161 12.0 0.0 1.0 0.0 0.0
1.66709804535 -2.0 0.00290000066161 12.0 0.0 1.0 0.0 0.0
1.68377709389 -2.0 0.00290000066161 12.0 0.0 1.0 0.0 0.0
1.70045995712 -2.0 0.00290000066161 12.0 0.0 1.0 0.0 0.0
1.71713399887 -2.0 0.00290000066161 12.0 0.0 1.0 0.0 0.0
1.7338180542 -2.0 0.00290000066161 12.0 0.0 1.0 0.0 0.0
1.75048613548 -2.0 0.00290000066161 12.0 0.0 1.0 0.0 0.0
1.76716017723 -2.0 0.00290000066161 12.0 0.0 1.0 0.0 0.0
1.78383517265 -2.0 0.00290000066161 12.0 0.0 1.0 0.0 0.0
1.8005130291 -2.0 0.00290000066161 12.0 0.0 1.0 0.0 0.0
1.8171889782 -2.0 0.00290000066161 12.0 0.0 1.0 0.0 0.0
1.83387613297 -2.0 0.00290000066161 12.0 0.0 1.0 0.0 0.0
1.8505461216 -2.0 0.00290000066161 12.0 0.0 1.0 0.0 0.0
1.86721611023 -2.0 0.00290000066161 12.0 0.0 1.0 0.0 0.0
1.883893013 -2.0 0.00290000066161 12.0 0.0 1.0 0.0 0.0
1.9005920887 -2.0 0.00290000066161 12.0 0.0 1.0 0.0 0.0
1.91724395752 -2.0 0.00290000066161 12.0 0.0 1.0 0.0 0.0
1.9344701767 -2.0 0.00290000066161 12.0 0.0 1.0 0.0 0.0
1.95110416412 -2.0 0.00290000066161 12.0 0.0 1.0 0.0 0.0
1.96779203415 -2.0 0.00290000066161 12.0 0.0 1.0 0.0 0.0
1.98445415497 -2.0 0.00290000066161 12.0 0.0 1.0 0.0 0.0
2.00112605095 -2.0 0.00290000066161 12.0 0.0 1.0 0.0 0.0
2.01780700684 -2.0 0.00290000066161 12.0 0.0 1.0 0.0 0.0
2.03450798988 -2.0 0.00290000066161 12.0 0.0 1.0 0.0 0.0
2.0511469841 -2.0 0.00290000066161 12.0 0.0 1.0 0.0 0.0
2.06783509254 -2.0 0.00290000066161 12.0 0.0 1.0 0.0 0.0
2.08450007439 -2.0 0.00290000066161 12.0 0.0 1.0 0.0 0.0
2.10117912292 -2.0 0.00290000066161 12.0 0.0 1.0 0.0 0.0
2.11790204048 -2.0 0.00290000066161 12.0 0.0 1.0 0.0 0.0
2.13471698761 -1.99994933605 0.0029000043869 12.0 0.0 1.0 0.0 0.0
2.15134000778 -2.00009894371 0.0029000043869 12.0000200272 0.0395646803081 0.0 1.0 0.0
2.16803002357 -2.00019621849 0.0029000043869 12.0000429153 0.0559529103339 0.0 1.0 0.0
2.18469214439 -2.00046777725 0.0029000043869 12.0001659393 0.0969132855535 0.0 1.0 0.0
2.20136404037 -2.00112986565 0.0029000043869 12.0003833771 0.18974557519 0.0 1.0 0.0
2.21807217598 -2.00205016136 0.0029000043869 12.0011491776 0.298706889153 0.0 1.0 0.0
2.23473095894 -2.00296497345 0.0029000043869 12.0026226044 0.385629028082 0.0 1.0 0.0
2.25138616562 -2.004134655 0.0029000043869 12.0056638718 0.500458419323 0.0 1.0 0.0
2.26810097694 -2.00541472435 0.0029000043869 12.0090208054 0.625573337078 0.0 1.0 0.0
2.28475213051 -2.00633525848 0.0029000043869 12.0117502213 0.750688374043 0.0 1.0 0.0
2.30141615868 -2.00522494316 0.0029000043869 12.01496315 0.846723079681 0.0 1.0 0.0
2.31811404228 -2.00004434586 0.0029000043869 12.0195817947 0.909129559994 0.0 1.0 0.0
2.33479404449 -1.98974335194 0.0029000043869 12.026257515 0.937944293022 0.0 1.0 0.0
2.35144305229 -1.97119224072 0.0029000043869 12.0362319946 0.957762300968 0.0 1.0 0.0
2.36818504333 -1.94941043854 0.0029000043869 12.0482473373 0.972360789776 0.0 1.0 0.0
2.38480210304 -1.92701554298 0.0029000043869 12.0610227585 0.972360789776 0.0 1.0 0.0
2.40150499344 -1.90568673611 0.0029000043869 12.0749559402 0.972360789776 0.0 1.0 0.0
2.41818213463 -1.88660264015 0.0029000043869 12.0894193649 0.994643867016 0.0 1.0 0.0
2.43487215042 -1.86902296543 0.0029000043869 12.1049337387 1.06310915947 0.0 1.0 0.0
2.45147109032 -1.85156226158 0.0029000043869 12.1210851669 1.13434553146 0.0 1.0 0.0
2.46822118759 -1.83360147476 0.0029000043869 12.1379880905 1.19940924644 0.0 1.0 0.0
2.48484897614 -1.81485784054 0.0029000043869 12.1557693481 1.25365114212 0.0 1.0 0.0
2.50154399872 -1.79512965679 0.0029000043869 12.1745653152 1.29903054237 0.0 1.0 0.0
2.51821804047 -1.77490890026 0.0029000043869 12.1938762665 1.34171128273 0.0 1.0 0.0
2.53491806984 -1.75458598137 0.0029000043869 12.213391304 1.38703143597 0.0 1.0 0.0
2.55153107643 -1.73427760601 0.0029000043869 12.2328910828 1.43528604507 0.0 1.0 0.0
2.56827616692 -1.71346127987 0.0029000043869 12.2529182434 1.48091375828 0.0 1.0 0.0
2.58489704132 -1.69228506088 0.0029000043869 12.2732572556 1.52620327473 0.0 1.0 0.0
2.60101819038 -1.67157506943 0.0029000043869 12.2933683395 1.57466685772 0.0 1.0 0.0
2.61813402176 -1.65040671825 0.0029000043869 12.3140249252 1.62553954124 0.0 1.0 0.0
2.63485002518 -1.62951207161 0.0029000043869 12.3353910446 1.67673611641 0.0 1.0 0.0
2.65143609047 -1.60783076286 0.0029000043869 12.3576726913 1.73365402222 0.0 1.0 0.0
2.66815209389 -1.58577251434 0.0029000043869 12.3802843094 1.7905112505 0.0 1.0 0.0
2.68478512764 -1.56300723553 0.0029000043869 12.4037265778 1.84179723263 0.0 1.0 0.0
2.70148897171 -1.53967785835 0.0029000043869 12.4283103943 1.88132071495 0.0 1.0 0.0
2.71819400787 -1.51562607288 0.0029000043869 12.4537792206 1.91554129124 0.0 1.0 0.0
2.7348651886 -1.4910428524 0.0029000043869 12.4809112549 1.94675052166 0.0 1.0 0.0
2.75146412849 -1.46626615524 0.0029000043869 12.5093812943 1.9723149538 0.0 1.0 0.0
2.76819515228 -1.44050621986 0.0029000043869 12.5394525528 1.99794387817 0.0 1.0 0.0
2.78482413292 -1.41354560852 0.0029000043869 12.5709934235 2.01510763168 0.0 1.0 0.0
2.80154109001 -1.3851211071 0.0029000043869 12.6049060822 2.02092576027 0.0 1.0 0.0
2.81824398041 -1.35567867756 0.0029000043869 12.6408367157 2.02092576027 0.0 1.0 0.0
2.83487796783 -1.3253724575 0.0029000043869 12.677737236 2.02092576027 0.0 1.0 0.0
2.8515381813 -1.29490041733 0.0029000043869 12.7149915695 2.02092576027 0.0 1.0 0.0
2.8682410717 -1.26409685612 0.0029000043869 12.7529573441 2.02092576027 0.0 1.0 0.0
2.88491106033 -1.23199927807 0.0029000043869 12.793261528 2.02092576027 0.0 1.0 0.0
2.90157914162 -1.19868123531 0.0029000043869 12.8362464905 2.02092576027 0.0 1.0 0.0
2.91826510429 -1.1654073 0.0029000043869 12.8801164627 2.02092576027 0.0 1.0 0.0
2.9349501133 -1.13028585911 0.0029000043869 12.9271507263 2.02092576027 0.0 1.0 0.0
2.95158004761 -1.09453618526 0.0029000043869 12.9761562347 2.02092576027 0.0 1.0 0.0
2.9683110714 -1.05810761452 0.0029000043869 13.0261898041 2.02092576027 0.0 1.0 0.0
2.98495602608 -1.02179598808 0.0029000043869 13.0764989853 2.02092576027 0.0 1.0 0.0
3.00160503387 -0.985105156898 0.0029000043869 13.1276931763 2.02092576027 0.0 1.0 0.0
3.01832818985 -0.947140395641 0.0029000043869 13.1813173294 2.02092576027 0.0 1.0 0.0
3.03497815132 -0.908769011497 0.0029000043869 13.2388525009 2.02092576027 0.0 1.0 0.0
3.05162811279 -0.870674908161 0.0029000043869 13.2993850708 2.02092576027 0.0 1.0 0.0
3.06831216812 -0.83291721344 0.0029000043869 13.360956192 2.02092576027 0.0 1.0 0.0
3.08499217033 -0.794566810131 0.0029000043869 13.4240894318 2.02092576027 0.0 1.0 0.0
3.10167098045 -0.755192279816 0.0029000043869 13.4886102676 2.02092576027 0.0 1.0 0.0
3.11922717094 -0.71497875452 0.0029000043869 13.5540065765 2.02092576027 0.0 1.0 0.0
3.13582396507 -0.674792170525 0.0029000043869 13.6206798553 2.02092576027 0.0 1.0 0.0
3.15249300003 -0.635263442993 0.0029000043869 13.6883277893 2.02092576027 0.0 1.0 0.0
3.16917705536 -0.596586227417 0.0029000043869 13.7564201355 2.02092576027 0.0 1.0 0.0
3.18588399887 -0.558331727982 0.0029000043869 13.8247385025 2.02092576027 0.0 1.0 0.0
3.20264196396 -0.520387530327 0.0029000043869 13.8928928375 2.02092576027 0.0 1.0 0.0
3.21921396255 -0.482638299465 0.0029000043869 13.9604949951 2.02092576027 0.0 1.0 0.0
3.23586916924 -0.445580750704 0.0029000043869 14.0268363953 2.02092576027 0.0 1.0 0.0
3.25253009796 -0.408305615187 0.0029000043869 14.0924072266 2.02092576027 0.0 1.0 0.0
3.26922917366 -0.37103047967 0.0029000043869 14.1579780579 2.02092576027 0.0 1.0 0.0
3.28592205048 -0.333868026733 0.0029000043869 14.2239274979 2.02092576027 0.0 1.0 0.0
3.30257606506 -0.297411948442 0.0029000043869 14.2899513245 2.02092576027 0.0 1.0 0.0
3.31924700737 -0.261362671852 0.0029000043869 14.3562049866 2.02092576027 0.0 1.0 0.0
3.33591413498 -0.224522158504 0.0029000043869 14.4233283997 2.02092576027 0.0 1.0 0.0
3.35257315636 -0.187272071838 0.0029000043869 14.4902143478 2.02092576027 0.0 1.0 0.0
3.36928105354 -0.149606600404 0.0029000043869 14.5568761826 2.02092576027 0.0 1.0 0.0
3.38597416878 -0.112331472337 0.0029000043869 14.6224470139 2.02092576027 0.0 1.0 0.0
3.40262007713 -0.0759007334709 0.0029000043869 14.6898050308 2.02092576027 0.0 1.0 0.0
3.41930103302 -0.0401728153229 0.0029000043869 14.7572546005 2.02092576027 0.0 1.0 0.0
3.43596816063 -0.00543151423335 0.0029000043869 14.8246469498 2.02092576027 0.0 1.0 0.0
3.45263409615 0.0280803833157 0.0029000043869 14.8904809952 2.02092576027 0.0 1.0 0.0
3.46932816505 0.0613113045692 0.0029000043869 14.9561700821 2.02092576027 0.0 1.0 0.0
3.48599910736 0.0946443080902 0.0029000043869 15.0214595795 2.02092576027 0.0 1.0 0.0
3.50266098976 0.127796292305 0.0029000043869 15.0861997604 2.02092576027 0.0 1.0 0.0
3.51933717728 0.161232888699 0.0029000043869 15.1510877609 2.02092576027 0.0 1.0 0.0
3.53601717949 0.195238903165 0.0029000043869 15.2162723541 2.02092576027 0.0 1.0 0.0
3.55267500877 0.229220956564 0.0029000043869 15.2828121185 2.02092576027 0.0 1.0 0.0
3.56936597824 0.263177633286 0.0029000043869 15.3507356644 2.02092576027 0.0 1.0 0.0
3.58606100082 0.296533226967 0.0029000043869 15.4197711945 2.02092576027 0.0 1.0 0.0
3.60270810127 0.328795552254 0.0029000043869 15.486825943 2.02092576027 0.0 1.0 0.0
3.61939406395 0.361716628075 0.0029000043869 15.5537452698 2.02092576027 0.0 1.0 0.0
3.63605713844 0.394006460905 0.0029000043869 15.6194114685 2.02092576027 0.0 1.0 0.0
3.65271711349 0.426953583956 0.0029000043869 15.6849536896 2.02092576027 0.0 1.0 0.0
3.66941308975 0.460572302341 0.0029000043869 15.7503929138 2.02092576027 0.0 1.0 0.0
3.68608212471 0.494473844767 0.0029000043869 15.8159790039 2.02092576027 0.0 1.0 0.0
3.70277404785 0.529031813145 0.0029000043869 15.882818222 2.02092576027 0.0 1.0 0.0
3.71943902969 0.563379704952 0.0029000043869 15.9504737854 2.02092576027 0.0 1.0 0.0
3.73609519005 0.597048223019 0.0029000043869 16.0182495117 2.02092576027 0.0 1.0 0.0
3.75277614594 0.629690885544 0.0029000043869 16.0850257874 2.02092576027 0.0 1.0 0.0
3.76946115494 0.661953210831 0.0029000043869 16.1520786285 2.02092576027 0.0 1.0 0.0
3.78613710403 0.694039046764 0.0029000043869 16.2185688019 2.02092576027 0.0 1.0 0.0
3.80281019211 0.725326597691 0.0029000043869 16.2832565308 2.02092576027 0.0 1.0 0.0
3.81946897507 0.756717860699 0.0029000043869 16.3475437164 2.02092576027 0.0 1.0 0.0
3.83616304398 0.788657307625 0.0029000043869 16.4121131897 2.02092576027 0.0 1.0 0.0
3.852820158 0.821399211884 0.0029000043869 16.4784698486 2.02092576027 0.0 1.0 0.0
3.86951208115 0.854041874409 0.0029000043869 16.5452461243 2.02092576027 0.0 1.0 0.0
3.88618516922 0.886374592781 0.0029000043869 16.6132831573 2.02092576027 0.0 1.0 0.0
3.90285801888 0.917773127556 0.0029000043869 16.6813240051 2.02092576027 0.0 1.0 0.0
3.91952705383 0.948895871639 0.0029000043869 16.7492256165 2.02092576027 0.0 1.0 0.0
3.93620705605 0.980499327183 0.0029000043869 16.8164138794 2.02092576027 0.0 1.0 0.0
3.95287013054 1.01258516312 0.0029000043869 16.8829040527 2.02092576027 0.0 1.0 0.0
3.96955513954 1.04497337341 0.0029000043869 16.9481582642 2.02092576027 0.0 1.0 0.0
3.9862279892 1.07646131516 0.0029000043869 17.0120372772 2.02092576027 0.0 1.0 0.0
4.00290107727 1.10750889778 0.0029000043869 17.0752429962 2.02092576027 0.0 1.0 0.0
4.01958608627 1.13715267181 0.0029000043869 17.1368350983 2.02092576027 0.0 1.0 0.0
4.03622913361 1.16594338417 0.0029000043869 17.1971073151 2.02092576027 0.0 1.0 0.0
4.05289697647 1.19349133968 0.0029000043869 17.2554359436 2.02092576027 0.0 1.0 0.0
4.06960201263 1.21952402592 0.0029000043869 17.3108692169 2.02092576027 0.0 1.0 0.0
4.08627915382 1.24298167229 0.0029000043869 17.3617420197 2.02092576027 0.0 1.0 0.0
4.10294318199 1.26440739632 0.0029000043869 17.4077548981 2.02092576027 0.0 1.0 0.0
4.11964297295 1.28498888016 0.0029000043869 17.4504585266 2.02092576027 0.0 1.0 0.0
4.13629317284 1.30529689789 0.0029000043869 17.4896736145 2.02092576027 0.0 1.0 0.0
4.15294599533 1.32543516159 0.0029000043869 17.5269145966 2.02092576027 0.0 1.0 0.0
4.16966104507 1.34571874142 0.0029000043869 17.5636253357 2.02092576027 0.0 1.0 0.0
4.1863090992 1.36565768719 0.0029000043869 17.6007614136 2.02092576027 0.0 1.0 0.0
4.20300602913 1.38365864754 0.0029000043869 17.642168045 2.02092576027 0.0 1.0 0.0
4.21968102455 1.40083777905 0.0029000043869 17.6853542328 2.02092576027 0.0 1.0 0.0
4.23635005951 1.41672241688 0.0029000043869 17.7279376984 2.02092576027 0.0 1.0 0.0
4.2530040741 1.43155300617 0.0029000043869 17.7681999207 2.02092576027 0.0 1.0 0.0
4.26971817017 1.44595253468 0.0029000043869 17.8061447144 2.02092576027 0.0 1.0 0.0
4.28639101982 1.46025025845 0.0029000043869 17.8404140472 2.02092576027 0.0 1.0 0.0
4.30300402641 1.4748249054 0.0029000043869 17.8726863861 2.02092576027 0.0 1.0 0.0
4.31972718239 1.49013292789 0.0029000043869 17.9050369263 2.02092576027 0.0 1.0 0.0
4.33633613586 1.50608897209 0.0029000043869 17.9395065308 2.02092576027 0.0 1.0 0.0
4.35306096077 1.52309203148 0.0029000043869 17.9780216217 2.02092576027 0.0 1.0 0.0
4.369754076 1.54146027565 0.0029000043869 18.0225219727 2.02092576027 0.0 1.0 0.0
4.38641500473 1.56083631516 0.0029000043869 18.071395874 2.02092576027 0.0 1.0 0.0
4.40310001373 1.58146178722 0.0029000043869 18.1229171753 2.02092576027 0.0 1.0 0.0
4.41977596283 1.60368835926 0.0029000043869 18.1747932434 2.02092576027 0.0 1.0 0.0
4.43644714355 1.62691891193 0.0029000043869 18.2255516052 2.02092576027 0.0 1.0 0.0
4.45311999321 1.65020513535 0.0029000043869 18.2740077972 2.02092576027 0.0 1.0 0.0
4.46979808807 1.67309260368 0.0029000043869 18.3200340271 2.02092576027 0.0 1.0 0.0
4.48645710945 1.69514846802 0.0029000043869 18.3634967804 2.02092576027 0.0 1.0 0.0
4.50315308571 1.71629750729 0.0029000043869 18.4058017731 2.02092576027 0.0 1.0 0.0
4.51981806755 1.73590672016 0.0029000043869 18.4459629059 2.02092576027 0.0 1.0 0.0
4.53650403023 1.75544512272 0.0029000043869 18.4864253998 2.02092576027 0.0 1.0 0.0
4.55316901207 1.77412223816 0.0029000043869 18.5267868042 2.02092576027 0.0 1.0 0.0
4.56985402107 1.79255723953 0.0029000043869 18.5663509369 2.02092576027 0.0 1.0 0.0
4.58653402328 1.81011271477 0.0029000043869 18.602558136 2.02092576027 0.0 1.0 0.0
4.60319805145 1.82597947121 0.0029000043869 18.6357803345 2.02092576027 0.0 1.0 0.0
4.61983203888 1.83870530128 0.0029000043869 18.6632232666 2.02092576027 0.0 1.0 0.0
4.63652515411 1.84784269333 0.0029000043869 18.6840286255 2.02092576027 0.0 1.0 0.0
4.65318202972 1.85411691666 0.0029000043869 18.6999359131 2.02092576027 0.0 1.0 0.0
4.6698679924 1.85863983631 0.0029000043869 18.7112464905 2.02092576027 0.0 1.0 0.0
4.68659305573 1.86179602146 0.0029000043869 18.7194385529 2.02092576027 0.0 1.0 0.0
4.70318412781 1.86337935925 0.0029000043869 18.7250347137 2.02092576027 0.0 1.0 0.0
4.7198870182 1.86375570297 0.0029000043869 18.7276573181 2.02092576027 0.0 1.0 0.0
4.73654699326 1.86378550529 0.0029000043869 18.7285003662 2.02092576027 0.0 1.0 0.0
4.75322914124 1.86379480362 0.0029000043869 18.7286891937 2.02092576027 0.0 1.0 0.0
4.76991796494 1.86379635334 0.0029000043869 18.7286911011 2.02092576027 0.0 1.0 0.0
4.78659915924 1.86387193203 0.0029000043869 18.7286891937 2.01394224167 0.0 1.0 0.0
4.80310702324 1.86387193203 0.0029000043869 18.7286891937 2.01394224167 0.0 1.0 0.0
4.81978416443 1.86387193203 0.0029000043869 18.7286891937 2.01394224167 0.0 1.0 0.0
4.83644413948 1.86387193203 0.0029000043869 18.7286891937 2.01394224167 0.0 1.0 0.0
4.85314202309 1.86387193203 0.0029000043869 18.7286891937 2.01394224167 0.0 1.0 0.0
4.86982297897 1.86387193203 0.0029000043869 18.7286891937 2.01394224167 0.0 1.0 0.0
4.88647699356 1.86387193203 0.0029000043869 18.7286891937 2.01394224167 0.0 1.0 0.0
4.90316104889 1.86387193203 0.0029000043869 18.7286891937 2.01394224167 0.0 1.0 0.0
4.9198410511 1.86387193203 0.0029000043869 18.7286891937 2.01394224167 0.0 1.0 0.0
4.93651413918 1.86387193203 0.0029000043869 18.7286891937 2.01394224167 0.0 1.0 0.0
4.9531891346 1.86387193203 0.0029000043869 18.7286891937 2.01394224167 0.0 1.0 0.0
4.96987009048 1.86387193203 0.0029000043869 18.7286891937 2.01394224167 0.0 1.0 0.0
4.9865500927 1.86387193203 0.0029000043869 18.7286891937 2.01394224167 0.0 1.0 0.0
5.00318717957 1.86387193203 0.0029000043869 18.7286891937 2.01394224167 0.0 1.0 0.0
5.0198700428 1.86387193203 0.0029000043869 18.7286891937 2.01394224167 0.0 1.0 0.0
5.03655695915 1.86387193203 0.0029000043869 18.7286891937 2.01394224167 0.0 1.0 0.0
5.0532040596 1.86387193203 0.0029000043869 18.7286891937 2.01394224167 0.0 1.0 0.0
5.06990814209 1.86387193203 0.0029000043869 18.7286891937 2.01394224167 0.0 1.0 0.0
5.08658909798 1.86387193203 0.0029000043869 18.7286891937 2.01394224167 0.0 1.0 0.0
5.10323214531 1.86387193203 0.0029000043869 18.7286891937 2.01394224167 0.0 1.0 0.0
5.11992406845 1.86387193203 0.0029000043869 18.7286891937 2.01394224167 0.0 1.0 0.0
5.13661313057 1.86387193203 0.0029000043869 18.7286891937 2.01394224167 0.0 1.0 0.0
5.1532599926 1.86387193203 0.0029000043869 18.7286891937 2.01394224167 0.0 1.0 0.0
5.16996216774 1.86387193203 0.0029000043869 18.7286891937 2.01394224167 0.0 1.0 0.0
5.18663907051 1.86387193203 0.0029000043869 18.7286891937 2.01394224167 0.0 1.0 0.0
5.20329999924 1.86387193203 0.0029000043869 18.7286891937 2.01394224167 0.0 1.0 0.0
5.21996998787 1.86387193203 0.0029000043869 18.7286891937 2.01394224167 0.0 1.0 0.0
5.23663115501 1.86387193203 0.0029000043869 18.7286891937 2.01394224167 0.0 1.0 0.0
5.25329518318 1.86387193203 0.0029000043869 18.7286891937 2.01394224167 0.0 1.0 0.0
5.2699971199 1.86387193203 0.0029000043869 18.7286891937 2.01394224167 0.0 1.0 0.0
5.286673069 1.86387193203 0.0029000043869 18.7286891937 2.01394224167 0.0 1.0 0.0
5.30333805084 1.86387193203 0.0029000043869 18.7286891937 2.01394224167 0.0 1.0 0.0
5.32001519203 1.86387193203 0.0029000043869 18.7286891937 2.01394224167 0.0 1.0 0.0
5.33669018745 1.86387193203 0.0029000043869 18.7286891937 2.01394224167 0.0 1.0 0.0
5.35335803032 1.86387193203 0.0029000043869 18.7286891937 2.01394224167 0.0 1.0 0.0
5.37003111839 1.86387193203 0.0029000043869 18.7286891937 2.01394224167 0.0 1.0 0.0
5.38673496246 1.86387193203 0.0029000043869 18.7286891937 2.01394224167 0.0 1.0 0.0
5.40339112282 1.86387193203 0.0029000043869 18.7286891937 2.01394224167 0.0 1.0 0.0
5.42006397247 1.86387193203 0.0029000043869 18.7286891937 2.01394224167 0.0 1.0 0.0
5.43674707413 1.86387193203 0.0029000043869 18.7286891937 2.01394224167 0.0 1.0 0.0
5.45339012146 1.86387193203 0.0029000043869 18.7286891937 2.01394224167 0.0 1.0 0.0
5.47010207176 1.86387193203 0.0029000043869 18.7286891937 2.01394224167 0.0 1.0 0.0
5.48676300049 1.86387193203 0.0029000043869 18.7286891937 2.01394224167 0.0 1.0 0.0
5.50341510773 1.86387193203 0.0029000043869 18.7286891937 2.01394224167 0.0 1.0 0.0
5.52010512352 1.86387193203 0.0029000043869 18.7286891937 2.01394224167 0.0 1.0 0.0
5.53679418564 1.86387193203 0.0029000043869 18.7286891937 2.01394224167 0.0 1.0 0.0
5.55345702171 1.86387193203 0.0029000043869 18.7286891937 2.01394224167 0.0 1.0 0.0
5.57014107704 1.86387193203 0.0029000043869 18.7286891937 2.01394224167 0.0 1.0 0.0
5.58681511879 1.86387193203 0.0029000043869 18.7286891937 2.01394224167 0.0 1.0 0.0
5.60346603394 1.86387193203 0.0029000043869 18.7286891937 2.01394224167 0.0 1.0 0.0
5.62014913559 1.86387193203 0.0029000043869 18.7286891937 2.01394224167 0.0 1.0 0.0
5.63685417175 1.86387193203 0.0029000043869 18.7286891937 2.01394224167 0.0 1.0 0.0
5.65351915359 1.86387193203 0.0029000043869 18.7286891937 2.01394224167 0.0 1.0 0.0
5.67021799088 1.86387193203 0.0029000043869 18.7286891937 2.01394224167 0.0 1.0 0.0
5.68686699867 1.86387193203 0.0029000043869 18.7286891937 2.01394224167 0.0 1.0 0.0
5.70354413986 1.86387193203 0.0029000043869 18.7286891937 2.01394224167 0.0 1.0 0.0
5.72022104263 1.86387193203 0.0029000043869 18.7286891937 2.01394224167 0.0 1.0 0.0
5.7369120121 1.86387193203 0.0029000043869 18.7286891937 2.01394224167 0.0 1.0 0.0
5.75355815887 1.86387193203 0.0029000043869 18.7286891937 2.01394224167 0.0 1.0 0.0
5.77026510239 1.86387193203 0.0029000043869 18.7286891937 2.01394224167 0.0 1.0 0.0
5.78694009781 1.86387193203 0.0029000043869 18.7286891937 2.01394224167 0.0 1.0 0.0
5.80361104012 1.86387193203 0.0029000043869 18.7286891937 2.01394224167 0.0 1.0 0.0
5.82026815414 1.86387193203 0.0029000043869 18.7286891937 2.01394224167 0.0 1.0 0.0
5.83695602417 1.86387193203 0.0029000043869 18.7286891937 2.01394224167 0.0 1.0 0.0
5.85365414619 1.86387193203 0.0029000043869 18.7286891937 2.01394224167 0.0 1.0 0.0
5.87030005455 1.86387193203 0.0029000043869 18.7286891937 2.01394224167 0.0 1.0 0.0
5.88698911667 1.86387193203 0.0029000043869 18.7286891937 2.01394224167 0.0 1.0 0.0
5.90362811089 1.86387193203 0.0029000043869 18.7286891937 2.01394224167 0.0 1.0 0.0
5.92033314705 1.86387193203 0.0029000043869 18.7286891937 2.01394224167 0.0 1.0 0.0
5.93700408936 1.86387193203 0.0029000043869 18.7286891937 2.01394224167 0.0 1.0 0.0
5.95367217064 1.86387193203 0.0029000043869 18.7286891937 2.01394224167 0.0 1.0 0.0
5.9703681469 1.86387193203 0.0029000043869 18.7286891937 2.01394224167 0.0 1.0 0.0
5.98703718185 1.86387193203 0.0029000043869 18.7286891937 2.01394224167 0.0 1.0 0.0
6.00371098518 1.86387193203 0.0029000043869 18.7286891937 2.01394224167 0.0 1.0 0.0
6.02035903931 1.86387193203 0.0029000043869 18.7286891937 2.01394224167 0.0 1.0 0.0
6.03705596924 1.86387193203 0.0029000043869 18.7286891937 2.01394224167 0.0 1.0 0.0
6.0537481308 1.86387193203 0.0029000043869 18.7286891937 2.01394224167 0.0 1.0 0.0
6.07043004036 1.86387193203 0.0029000043869 18.7286891937 2.01394224167 0.0 1.0 0.0
6.08706712723 1.86387193203 0.0029000043869 18.7286891937 2.01394224167 0.0 1.0 0.0
6.10374498367 1.86387193203 0.0029000043869 18.7286891937 2.01394224167 0.0 1.0 0.0
6.1204431057 1.86387193203 0.0029000043869 18.7286891937 2.01394224167 0.0 1.0 0.0
6.13711214066 1.86387193203 0.0029000043869 18.7286891937 2.01394224167 0.0 1.0 0.0
6.15377998352 1.86387193203 0.0029000043869 18.7286891937 2.01394224167 0.0 1.0 0.0
6.17044210434 1.86387193203 0.0029000043869 18.7286891937 2.01394224167 0.0 1.0 0.0
6.18711709976 1.86387193203 0.0029000043869 18.7286891937 2.01394224167 0.0 1.0 0.0
6.20378613472 1.86387193203 0.0029000043869 18.7286891937 2.01394224167 0.0 1.0 0.0
6.22046899796 1.86387193203 0.0029000043869 18.7286891937 2.01394224167 0.0 1.0 0.0
6.23715114594 1.86387193203 0.0029000043869 18.7286891937 2.01394224167 0.0 1.0 0.0
6.25380301476 1.86387193203 0.0029000043869 18.7286891937 2.01394224167 0.0 1.0 0.0
6.27050709724 1.86387193203 0.0029000043869 18.7286891937 2.01394224167 0.0 1.0 0.0
6.28716802597 1.86387193203 0.0029000043869 18.7286891937 2.01394224167 0.0 1.0 0.0
6.30382418633 1.86387193203 0.0029000043869 18.7286891937 2.01394224167 0.0 1.0 0.0
6.32052016258 1.86387193203 0.0029000043869 18.7286891937 2.01394224167 0.0 1.0 0.0
6.33719301224 1.86387193203 0.0029000043869 18.7286891937 2.01394224167 0.0 1.0 0.0
6.35388612747 1.86387193203 0.0029000043869 18.7286891937 2.01394224167 0.0 1.0 0.0
6.37055397034 1.86387193203 0.0029000043869 18.7286891937 2.01394224167 0.0 1.0 0.0
6.38720703125 1.86387193203 0.0029000043869 18.7286891937 2.01394224167 0.0 1.0 0.0
6.40388798714 1.86387193203 0.0029000043869 18.7286891937 2.01394224167 0.0 1.0 0.0
6.42056703568 1.86387193203 0.0029000043869 18.7286891937 2.01394224167 0.0 1.0 0.0
6.43723416328 1.86387193203 0.0029000043869 18.7286891937 2.01394224167 0.0 1.0 0.0
6.45392107964 1.86387193203 0.0029000043869 18.7286891937 2.01394224167 0.0 1.0 0.0
6.47059798241 1.86387193203 0.0029000043869 18.7286891937 2.01394224167 0.0 1.0 0.0
6.48726010323 1.86387193203 0.0029000043869 18.7286891937 2.01394224167 0.0 1.0 0.0
6.50393414497 1.86387193203 0.0029000043869 18.7286891937 2.01394224167 0.0 1.0 0.0
6.52060008049 1.86387193203 0.0029000043869 18.7286891937 2.01394224167 0.0 1.0 0.0
6.53728413582 1.86387193203 0.0029000043869 18.7286891937 2.01394224167 0.0 1.0 0.0
6.55394506454 1.86387193203 0.0029000043869 18.7286891937 2.01394224167 0.0 1.0 0.0
6.57064914703 1.86387193203 0.0029000043869 18.7286891937 2.01394224167 0.0 1.0 0.0
6.58730316162 1.86387193203 0.0029000043869 18.7286891937 2.01394224167 0.0 1.0 0.0
6.60397601128 1.86387193203 0.0029000043869 18.7286891937 2.01394224167 0.0 1.0 0.0
6.62064218521 1.86387193203 0.0029000043869 18.7286891937 2.01394224167 0.0 1.0 0.0
6.6373500824 1.86387193203 0.0029000043869 18.7286891937 2.01394224167 0.0 1.0 0.0
6.65403699875 1.86387193203 0.0029000043869 18.7286891937 2.01394224167 0.0 1.0 0.0
6.67072105408 1.86387193203 0.0029000043869 18.7286891937 2.01394224167 0.0 1.0 0.0
6.6873819828 1.86387193203 0.0029000043869 18.7286891937 2.01394224167 0.0 1.0 0.0
6.70404005051 1.86387193203 0.0029000043869 18.7286891937 2.01394224167 0.0 1.0 0.0
6.72072815895 1.86387193203 0.0029000043869 18.7286891937 2.01394224167 0.0 1.0 0.0
6.73739600182 1.86387193203 0.0029000043869 18.7286891937 2.01394224167 0.0 1.0 0.0
6.75407314301 1.86387193203 0.0029000043869 18.7286891937 2.01394224167 0.0 1.0 0.0
6.77077102661 1.86387193203 0.0029000043869 18.7286891937 2.01394224167 0.0 1.0 0.0
6.78742814064 1.86387193203 0.0029000043869 18.7286891937 2.01394224167 0.0 1.0 0.0
6.80408906937 1.86387193203 0.0029000043869 18.7286891937 2.01394224167 0.0 1.0 0.0
6.82077407837 1.86387193203 0.0029000043869 18.7286891937 2.01394224167 0.0 1.0 0.0
6.83744215965 1.86387193203 0.0029000043869 18.7286891937 2.01394224167 0.0 1.0 0.0
6.85413503647 1.86387193203 0.0029000043869 18.7286891937 2.01394224167 0.0 1.0 0.0
6.8708050251 1.86387193203 0.0029000043869 18.7286891937 2.01394224167 0.0 1.0 0.0
6.88747811317 1.86387193203 0.0029000043869 18.7286891937 2.01394224167 0.0 1.0 0.0
6.90415096283 1.86387193203 0.0029000043869 18.7286891937 2.01394224167 0.0 1.0 0.0
6.92082118988 1.86387193203 0.0029000043869 18.7286891937 2.01394224167 0.0 1.0 0.0
6.93750405312 1.86387193203 0.0029000043869 18.7286891937 2.01394224167 0.0 1.0 0.0
6.95416402817 1.86387193203 0.0029000043869 18.7286891937 2.01394224167 0.0 1.0 0.0
6.97086310387 1.86387193203 0.0029000043869 18.7286891937 2.01394224167 0.0 1.0 0.0
6.98751997948 1.86387193203 0.0029000043869 18.7286891937 2.01394224167 0.0 1.0 0.0
7.00418019295 1.86387193203 0.0029000043869 18.7286891937 2.01394224167 0.0 1.0 0.0
7.02085113525 1.86387193203 0.0029000043869 18.7286891937 2.01394224167 0.0 1.0 0.0
7.03754115105 1.86387193203 0.0029000043869 18.7286891937 2.01394224167 0.0 1.0 0.0
7.05428600311 1.86387193203 0.0029000043869 18.7286891937 2.01394224167 0.0 1.0 0.0
7.0708990097 1.86387193203 0.0029000043869 18.7286891937 2.01394224167 0.0 1.0 0.0
7.0875749588 1.86387193203 0.0029000043869 18.7286891937 2.01394224167 0.0 1.0 0.0
7.10421419144 1.86387193203 0.0029000043869 18.7286891937 2.01394224167 0.0 1.0 0.0
7.12091898918 1.86387193203 0.0029000043869 18.7286891937 2.01394224167 0.0 1.0 0.0
7.13759207726 1.86387193203 0.0029000043869 18.7286891937 2.01394224167 0.0 1.0 0.0
7.1542801857 1.86387193203 0.0029000043869 18.7286891937 2.01394224167 0.0 1.0 0.0
7.17094707489 1.86387193203 0.0029000043869 18.7286891937 2.01394224167 0.0 1.0 0.0
7.18761396408 1.86387193203 0.0029000043869 18.7286891937 2.01394224167 0.0 1.0 0.0
7.20427513123 1.86387193203 0.0029000043869 18.7286891937 2.01394224167 0.0 1.0 0.0
7.22093915939 1.86387193203 0.0029000043869 18.7286891937 2.01394224167 0.0 1.0 0.0
7.23766112328 1.86387193203 0.0029000043869 18.7286891937 2.01394224167 0.0 1.0 0.0
7.25432610512 1.86387193203 0.0029000043869 18.7286891937 2.01394224167 0.0 1.0 0.0
7.27097702026 1.86387193203 0.0029000043869 18.7286891937 2.01394224167 0.0 1.0 0.0
7.28765416145 1.86387193203 0.0029000043869 18.7286891937 2.01394224167 0.0 1.0 0.0
7.30431103706 1.86387193203 0.0029000043869 18.7286891937 2.01394224167 0.0 1.0 0.0
7.32099819183 1.86387193203 0.0029000043869 18.7286891937 2.01394224167 0.0 1.0 0.0
7.33770418167 1.86387193203 0.0029000043869 18.7286891937 2.01394224167 0.0 1.0 0.0
7.35435009003 1.86387193203 0.0029000043869 18.7286891937 2.01394224167 0.0 1.0 0.0
7.3710231781 1.86387193203 0.0029000043869 18.7286891937 2.01394224167 0.0 1.0 0.0
7.38771009445 1.86387193203 0.0029000043869 18.7286891937 2.01394224167 0.0 1.0 0.0
7.40435910225 1.86387193203 0.0029000043869 18.7286891937 2.01394224167 0.0 1.0 0.0
7.42104506493 1.86387193203 0.0029000043869 18.7286891937 2.01394224167 0.0 1.0 0.0
7.43774604797 1.86387193203 0.0029000043869 18.7286891937 2.01394224167 0.0 1.0 0.0
7.45441818237 1.86387193203 0.0029000043869 18.7286891937 2.01394224167 0.0 1.0 0.0
7.47107601166 1.86387193203 0.0029000043869 18.7286891937 2.01394224167 0.0 1.0 0.0
7.48774313927 1.86387193203 0.0029000043869 18.7286891937 2.01394224167 0.0 1.0 0.0
7.50442004204 1.86387193203 0.0029000043869 18.7286891937 2.01394224167 0.0 1.0 0.0
7.52110004425 1.86387193203 0.0029000043869 18.7286891937 2.01394224167 0.0 1.0 0.0
7.53777599335 1.86387193203 0.0029000043869 18.7286891937 2.01394224167 0.0 1.0 0.0
7.55446314812 1.86387193203 0.0029000043869 18.7286891937 2.01394224167 0.0 1.0 0.0
7.57113218307 1.86387193203 0.0029000043869 18.7286891937 2.01394224167 0.0 1.0 0.0
7.5877931118 1.86387193203 0.0029000043869 18.7286891937 2.01394224167 0.0 1.0 0.0
7.60448312759 1.86387193203 0.0029000043869 18.7286891937 2.01394224167 0.0 1.0 0.0
7.62114405632 1.86387193203 0.0029000043869 18.7286891937 2.01394224167 0.0 1.0 0.0
7.63787198067 1.86387193203 0.0029000043869 18.7286891937 2.01394224167 0.0 1.0 0.0
7.65454602242 1.86387193203 0.0029000043869 18.7286891937 2.01394224167 0.0 1.0 0.0
7.6712231636 1.86387193203 0.0029000043869 18.7286891937 2.01394224167 0.0 1.0 0.0
7.68788099289 1.86387193203 0.0029000043869 18.7286891937 2.01394224167 0.0 1.0 0.0
7.70453906059 1.86387193203 0.0029000043869 18.7286891937 2.01394224167 0.0 1.0 0.0
7.72122597694 1.86387193203 0.0029000043869 18.7286891937 2.01394224167 0.0 1.0 0.0
7.73791909218 1.86387193203 0.0029000043869 18.7286891937 2.01394224167 0.0 1.0 0.0
7.75459003448 1.86387193203 0.0029000043869 18.7286891937 2.01394224167 0.0 1.0 0.0
7.77124810219 1.86387193203 0.0029000043869 18.7286891937 2.01394224167 0.0 1.0 0.0
7.78790402412 1.86387193203 0.0029000043869 18.7286891937 2.01394224167 0.0 1.0 0.0
7.80460500717 1.86387193203 0.0029000043869 18.7286891937 2.01394224167 0.0 1.0 0.0
7.82127904892 1.86387193203 0.0029000043869 18.7286891937 2.01394224167 0.0 1.0 0.0
7.8379740715 1.86387193203 0.0029000043869 18.7286891937 2.01394224167 0.0 1.0 0.0
7.85461902618 1.86387193203 0.0029000043869 18.7286891937 2.01394224167 0.0 1.0 0.0
7.8712720871 1.86387193203 0.0029000043869 18.7286891937 2.01394224167 0.0 1.0 0.0
7.88798117638 1.86387193203 0.0029000043869 18.7286891937 2.01394224167 0.0 1.0 0.0
7.90464496613 1.86387193203 0.0029000043869 18.7286891937 2.01394224167 0.0 1.0 0.0
7.92129611969 1.86387193203 0.0029000043869 18.7286891937 2.01394224167 0.0 1.0 0.0
7.93801116943 1.86387193203 0.0029000043869 18.7286891937 2.01394224167 0.0 1.0 0.0
7.95467805862 1.86387193203 0.0029000043869 18.7286891937 2.01394224167 0.0 1.0 0.0
7.9713280201 1.86387193203 0.0029000043869 18.7286891937 2.01394224167 0.0 1.0 0.0
7.98801708221 1.86387193203 0.0029000043869 18.7286891937 2.01394224167 0.0 1.0 0.0
8.0046889782 1.86387193203 0.0029000043869 18.7286891937 2.01394224167 0.0 1.0 0.0
8.02137207985 1.86387193203 0.0029000043869 18.7286891937 2.01394224167 0.0 1.0 0.0
8.03806710243 1.86387193203 0.0029000043869 18.7286891937 2.01394224167 0.0 1.0 0.0
8.05471205711 1.86387193203 0.0029000043869 18.7286891937 2.01394224167 0.0 1.0 0.0
8.071393013 1.86387193203 0.0029000043869 18.7286891937 2.01394224167 0.0 1.0 0.0
8.08806419373 1.86387193203 0.0029000043869 18.7286891937 2.01394224167 0.0 1.0 0.0
8.10473704338 1.86387193203 0.0029000043869 18.7286891937 2.01394224167 0.0 1.0 0.0
8.12143111229 1.86387193203 0.0029000043869 18.7286891937 2.01394224167 0.0 1.0 0.0
8.13810706139 1.86387193203 0.0029000043869 18.7286891937 2.01394224167 0.0 1.0 0.0
8.15475606918 1.86387193203 0.0029000043869 18.7286891937 2.01394224167 0.0 1.0 0.0
8.17143297195 1.86387193203 0.0029000043869 18.7286891937 2.01394224167 0.0 1.0 0.0
8.18811297417 1.86387193203 0.0029000043869 18.7286891937 2.01394224167 0.0 1.0 0.0
8.20477819443 1.86387193203 0.0029000043869 18.7286891937 2.01394224167 0.0 1.0 0.0
8.22147297859 1.86387193203 0.0029000043869 18.7286891937 2.01394224167 0.0 1.0 0.0
8.2381529808 1.86387193203 0.0029000043869 18.7286891937 2.01394224167 0.0 1.0 0.0
8.25481700897 1.86387193203 0.0029000043869 18.7286891937 2.01394224167 0.0 1.0 0.0
8.27149009705 1.86387193203 0.0029000043869 18.7286891937 2.01394224167 0.0 1.0 0.0
8.28816199303 1.86387193203 0.0029000043869 18.7286891937 2.01394224167 0.0 1.0 0.0
8.30483007431 1.86387193203 0.0029000043869 18.7286891937 2.01394224167 0.0 1.0 0.0
8.32151412964 1.86387193203 0.0029000043869 18.7286891937 2.01394224167 0.0 1.0 0.0
8.33819913864 1.86387193203 0.0029000043869 18.7286891937 2.01394224167 0.0 1.0 0.0
8.35486602783 1.86387193203 0.0029000043869 18.7286891937 2.01394224167 0.0 1.0 0.0
8.371530056 1.86387193203 0.0029000043869 18.7286891937 2.01394224167 0.0 1.0 0.0
8.38821196556 1.86387193203 0.0029000043869 18.7286891937 2.01394224167 0.0 1.0 0.0
8.40488505363 1.86387193203 0.0029000043869 18.7286891937 2.01394224167 0.0 1.0 0.0
8.42156100273 1.86387193203 0.0029000043869 18.7286891937 2.01394224167 0.0 1.0 0.0
8.43824315071 1.86387193203 0.0029000043869 18.7286891937 2.01394224167 0.0 1.0 0.0
8.45490717888 1.86387193203 0.0029000043869 18.7286891937 2.01394224167 0.0 1.0 0.0
8.47158002853 1.86387193203 0.0029000043869 18.7286891937 2.01394224167 0.0 1.0 0.0
8.48825097084 1.86387193203 0.0029000043869 18.7286891937 2.01394224167 0.0 1.0 0.0
8.50490999222 1.86387193203 0.0029000043869 18.7286891937 2.01394224167 0.0 1.0 0.0
8.52160096169 1.86387193203 0.0029000043869 18.7286891937 2.01394224167 0.0 1.0 0.0
8.53830003738 1.86387193203 0.0029000043869 18.7286891937 2.01394224167 0.0 1.0 0.0
8.55496716499 1.86387193203 0.0029000043869 18.7286891937 2.01394224167 0.0 1.0 0.0
8.57163596153 1.86387193203 0.0029000043869 18.7286891937 2.01394224167 0.0 1.0 0.0
8.58830499649 1.86387193203 0.0029000043869 18.7286891937 2.01394224167 0.0 1.0 0.0
8.60498309135 1.86387193203 0.0029000043869 18.7286891937 2.01394224167 0.0 1.0 0.0
8.62168216705 1.86387193203 0.0029000043869 18.7286891937 2.01394224167 0.0 1.0 0.0
8.63843297958 1.86387193203 0.0029000043869 18.7286891937 2.01394224167 0.0 1.0 0.0
8.65508699417 1.86387193203 0.0029000043869 18.7286891937 2.01394224167 0.0 1.0 0.0
8.67181801796 1.86387193203 0.0029000043869 18.7286891937 2.01394224167 0.0 1.0 0.0
8.68843412399 1.86387193203 0.0029000043869 18.7286891937 2.01394224167 0.0 1.0 0.0
8.70513510704 1.86387193203 0.0029000043869 18.7286891937 2.01394224167 0.0 1.0 0.0
8.72180104256 1.86387193203 0.0029000043869 18.7286891937 2.01394224167 0.0 1.0 0.0
8.73848795891 1.86387193203 0.0029000043869 18.7286891937 2.01394224167 0.0 1.0 0.0
8.75516104698 1.86387193203 0.0029000043869 18.7286891937 2.01394224167 0.0 1.0 0.0
8.77180218697 1.86387193203 0.0029000043869 18.7286891937 2.01394224167 0.0 1.0 0.0
8.78849315643 1.86387193203 0.0029000043869 18.7286891937 2.01394224167 0.0 1.0 0.0
8.80518913269 1.86387193203 0.0029000043869 18.7286891937 2.01394224167 0.0 1.0 0.0
8.82186102867 1.86387193203 0.0029000043869 18.7286891937 2.01394224167 0.0 1.0 0.0
8.83852696419 1.86387193203 0.0029000043869 18.7286891937 2.01394224167 0.0 1.0 0.0
8.85521411896 1.86387193203 0.0029000043869 18.7286891937 2.01394224167 0.0 1.0 0.0
8.87187504768 1.86387193203 0.0029000043869 18.7286891937 2.01394224167 0.0 1.0 0.0
8.88855409622 1.86387193203 0.0029000043869 18.7286891937 2.01394224167 0.0 1.0 0.0
8.90524315834 1.86387193203 0.0029000043869 18.7286891937 2.01394224167 0.0 1.0 0.0
8.92191696167 1.86387193203 0.0029000043869 18.7286891937 2.01394224167 0.0 1.0 0.0
8.93860006332 1.86387193203 0.0029000043869 18.7286891937 2.01394224167 0.0 1.0 0.0
8.9552719593 1.86387193203 0.0029000043869 18.7286891937 2.01394224167 0.0 1.0 0.0
8.97193217278 1.86387193203 0.0029000043869 18.7286891937 2.01394224167 0.0 1.0 0.0
8.98860502243 1.86387193203 0.0029000043869 18.7286891937 2.01394224167 0.0 1.0 0.0
9.00529718399 1.86387193203 0.0029000043869 18.7286891937 2.01394224167 0.0 1.0 0.0
9.02197003365 1.86387193203 0.0029000043869 18.7286891937 2.01394224167 0.0 1.0 0.0
9.03866100311 1.86387193203 0.0029000043869 18.7286891937 2.01394224167 0.0 1.0 0.0
9.05532813072 1.86387193203 0.0029000043869 18.7286891937 2.01394224167 0.0 1.0 0.0
9.07199597359 1.86387193203 0.0029000043869 18.7286891937 2.01394224167 0.0 1.0 0.0
