8.29696655273e-05 -2.0 0.00290000066161 12.0 0.0 1.0 0.0 0.0
0.0166261196136 -2.0 0.00290000066161 12.0 0.0 1.0 0.0 0.0
0.0332899093628 -2.0 0.00290000066161 12.0 0.0 1.0 0.0 0.0
0.0500330924988 -2.0 0.00290000066161 12.0 0.0 1.0 0.0 0.0
0.0666289329529 -2.0 0.00290000066161 12.0 0.0 1.0 0.0 0.0
0.0833311080933 -2.0 0.00290000066161 12.0 0.0 1.0 0.0 0.0
0.100033044815 -2.0 0.00290000066161 12.0 0.0 1.0 0.0 0.0
0.116666078568 -2.0 0.00290000066161 12.0 0.0 1.0 0.0 0.0
0.13333106041 -2.0 0.00290000066161 12.0 0.0 1.0 0.0 0.0
0.150058031082 -2.0 0.00290000066161 12.0 0.0 1.0 0.0 0.0
0.166678905487 -2.0 0.00290000066161 12.0 0.0 1.0 0.0 0.0
0.183351039886 -2.0 0.00290000066161 12.0 0.0 1.0 0.0 0.0
0.200081110001 -2.0 0.00290000066161 12.0 0.0 1.0 0.0 0.0
0.216706991196 -2.0 0.00290000066161 12.0 0.0 1.0 0.0 0.0
0.233388900757 -2.0 0.00290000066161 12.0 0.0 1.0 0.0 0.0
0.250106096268 -2.0 0.00290000066161 12.0 0.0 1.0 0.0 0.0
0.26672410965 -2.0 0.00290000066161 12.0 0.0 1.0 0.0 0.0
0.283397912979 -2.0 0.00290000066161 12.0 0.0 1.0 0.0 0.0
0.300276041031 -2.0 0.0029000043869 12.0000009537 0.0 1.0 0.0 0.0
0.316848993301 -2.00013613701 0.0029000043869 12.0000429153 0.0 1.0 0.0 0.0
0.333542108536 -1.99981176853 0.0029000043869 11.9999303818 0.0 1.0 0.0 0.0
0.350239992142 -2.00013685226 0.0029000043869 12.0000419617 0.0 1.0 0.0 0.0
0.366856098175 -2.0001065731 0.0029000043869 12.0000400543 0.0 1.0 0.0 0.0
0.383543968201 -2.00023698807 0.0029000043869 12.000087738 0.0 1.0 0.0 0.0
0.400275945663 -2.00023198128 0.0029000043869 12.000087738 0.0 1.0 0.0 0.0
0.416896104813 -2.00023198128 0.0029000043869 12.000087738 0.0 1.0 0.0 0.0
0.433478116989 -2.00023198128 0.0029000043869 12.000087738 0.0 1.0 0.0 0.0
0.450277090073 -2.00023198128 0.0029000043869 12.0001296997 0.0 1.0 0.0 0.0
0.466911077499 -2.00023460388 0.0029000043869 12.000330925 0.0 1.0 0.0 0.0
0.483575105667 -2.00023460388 0.0029000043869 12.000497818 0.0 1.0 0.0 0.0
0.500343084335 -2.00023460388 0.0029000043869 12.0008144379 0.0 1.0 0.0 0.0
0.516942024231 -2.0001718998 0.0029000043869 12.000872612 0.0 1.0 0.0 0.0
0.533600091934 -2.00016379356 0.0029000043869 12.0008935928 0.0 1.0 0.0 0.0
0.550332069397 -2.00016188622 0.0029000043869 12.0009098053 0.0 1.0 0.0 0.0
0.566948890686 -2.00015926361 0.0029000043869 12.0009565353 0.0 1.0 0.0 0.0
0.583621025085 -2.00009512901 0.0029000043869 12.0011529922 0.0 1.0 0.0 0.0
0.600372076035 -1.99993252754 0.0029000043869 12.0013952255 0.0 1.0 0.0 0.0
0.616991996765 -1.99970936775 0.0029000043869 12.0017375946 0.0 1.0 0.0 0.0
0.63369512558 -1.99931156635 0.0029000043869 12.0023298264 0.0 1.0 0.0 0.0
0.650379896164 -1.9985897541 0.0029000043869 12.0035305023 0.0 0.0 1.0 0.0
0.666999101639 -1.99744021893 0.0029000043869 12.0065927505 0.0884693190455 0.0 1.0 0.0
0.683743000031 -1.99628508091 0.0029000043869 12.0131454468 0.276952832937 0.0 1.0 0.0
0.700448036194 -1.99633777142 0.0029000043869 12.0255184174 0.633035719395 0.0 1.0 0.0
0.717088937759 -1.99904990196 0.0029000043869 12.0332269669 1.12185692787 0.0 1.0 0.0
0.733751058578 -2.00210571289 0.0029000043869 12.039814949 1.66455495358 0.0 1.0 0.0
0.750458955765 -2.00613903999 0.0029000043869 12.044131279 2.22165417671 0.0 1.0 0.0
0.767084121704 -2.01091480255 0.0029000043869 12.0475883484 2.79855418205 0.0 1.0 0.0
0.783809900284 -2.01582860947 0.0029000043869 12.0510835648 3.37520027161 0.0 1.0 0.0
0.800476074219 -2.02031612396 0.0029000043869 12.0558767319 3.94060587883 0.0 1.0 0.0
0.817083120346 -2.02383160591 0.0029000043869 12.0622653961 4.48053789139 0.0 1.0 0.0
0.833801031113 -2.0263736248 0.0029000043869 12.0696382523 4.98915338516 0.0 1.0 0.0
0.850476026535 -2.02833080292 0.0029000043869 12.0774593353 5.47490596771 0.0 1.0 0.0
0.867099046707 -2.03023004532 0.0029000043869 12.0851364136 5.95222854614 0.0 1.0 0.0
0.883882045746 -2.03202986717 0.0029000043869 12.0932340622 6.43798542023 0.0 1.0 0.0
0.900541067123 -2.03392744064 0.0029000043869 12.1017084122 6.93526983261 0.0 1.0 0.0
0.917126893997 -2.03544044495 0.0029000043869 12.1111354828 7.44662237167 0.0 1.0 0.0
0.933854103088 -2.03652572632 0.0029000043869 12.1209945679 7.96659517288 0.0 1.0 0.0
0.950525045395 -2.0384209156 0.0029000043869 12.1301383972 8.50357151031 0.0 1.0 0.0
0.967179059982 -2.0403547287 0.0029000043869 12.1390485764 9.04900455475 0.0 1.0 0.0
0.983868122101 -2.04277563095 0.0029000043869 12.146733284 9.6144323349 0.0 1.0 0.0
1.00055289268 -2.0456764698 0.0029000043869 12.1536331177 10.1968574524 0.0 1.0 0.0
1.01716089249 -2.0491771698 0.0029000043869 12.1598339081 10.8048706055 0.0 1.0 0.0
1.03388810158 -2.053794384 0.0029000043869 12.1650314331 11.4526414871 0.0 1.0 0.0
1.05054306984 -2.05961632729 0.0029000043869 12.1692256927 12.14585495 0.0 1.0 0.0
1.06721401215 -2.06622123718 0.0029000043869 12.1728658676 12.8760633469 0.0 1.0 0.0
1.08394789696 -2.07311272621 0.0029000043869 12.176410675 13.6232748032 0.0 1.0 0.0
1.10063004494 -2.08014202118 0.0029000043869 12.1796731949 14.3733072281 0.0 1.0 0.0
1.11726903915 -2.08743572235 0.0029000043869 12.1824464798 15.1232833862 0.0 1.0 0.0
1.13398003578 -2.09472322464 0.0029000043869 12.1852016449 15.873290062 0.0 1.0 0.0
1.15061903 -2.10194373131 0.0029000043869 12.1880283356 16.6232585907 0.0 1.0 0.0
1.16728997231 -2.10908174515 0.0029000043869 12.1909761429 17.3732700348 0.0 1.0 0.0
1.18399691582 -2.11618041992 0.0029000043869 12.194018364 18.1233024597 0.0 1.0 0.0
1.20065593719 -2.12323880196 0.0029000043869 12.1971521378 18.8732624054 0.0 1.0 0.0
1.21730995178 -2.13010787964 0.0029000043869 12.2004680634 19.6233081818 0.0 1.0 0.0
1.23402190208 -2.13661718369 0.0029000043869 12.2042016983 20.3732662201 0.0 1.0 0.0
1.2506608963 -2.14224863052 0.0029000043869 12.2088251114 21.1232872009 0.0 1.0 0.0
1.2673330307 -2.14635014534 0.0029000043869 12.2144165039 21.8449401855 0.0 1.0 0.0
1.28403711319 -2.14762949944 0.0029000043869 12.2218313217 22.5069122314 0.0 1.0 0.0
1.30065512657 -2.14329528809 0.0029000043869 12.2332620621 23.0893630981 0.0 1.0 0.0
1.31732702255 -2.12735819817 0.0029000043869 12.2539606094 23.4075984955 0.0 1.0 0.0
1.33405804634 -2.10069799423 0.0029000043869 12.2898435593 23.5724163055 0.0 1.0 0.0
1.35069894791 -2.06459069252 0.0029000043869 12.3472480774 23.5809421539 0.0 1.0 0.0
1.36737394333 -2.01809620857 0.0029000043869 12.4357824326 23.5809421539 0.0 1.0 0.0
1.38409209251 -1.97678458691 0.0029000043869 12.5268507004 23.5809421539 0.0 1.0 0.0
1.40073204041 -1.93668234348 0.0029000043869 12.6184577942 23.5707435608 0.0 1.0 0.0
1.41739296913 -1.89623630047 0.0029000043869 12.7099151611 23.5230445862 0.0 1.0 0.0
1.43412709236 -1.85550618172 0.0029000043869 12.8012495041 23.4378490448 0.0 1.0 0.0
1.45074105263 -1.81458413601 0.0029000043869 12.8925027847 23.3185386658 0.0 1.0 0.0
1.46743202209 -1.77373123169 0.0029000043869 12.9829492569 23.1549339294 0.0 1.0 0.0
1.48415803909 -1.73449516296 0.0029000043869 13.0699739456 22.9777011871 0.0 1.0 0.0
1.50078392029 -1.69658708572 0.0029000043869 13.1543464661 22.79022789 0.0 1.0 0.0
1.51743292809 -1.66334688663 0.0029000043869 13.2277460098 22.5788631439 0.0 1.0 0.0
1.5341501236 -1.63059127331 0.0029000043869 13.2999172211 22.3368453979 0.0 1.0 0.0
1.55078601837 -1.59791994095 0.0029000043869 13.3728570938 22.098197937 0.0 1.0 0.0
1.56746006012 -1.56530368328 0.0029000043869 13.4465465546 21.8595695496 0.0 1.0 0.0
1.58417391777 -1.5340129137 0.0029000043869 13.5179290771 21.6243495941 0.0 1.0 0.0
1.60083293915 -1.5059722662 0.0029000043869 13.581785202 21.3823032379 0.0 1.0 0.0
1.61750102043 -1.48158383369 0.0029000043869 13.6359472275 21.0993518829 0.0 1.0 0.0
1.63419890404 -1.45781266689 0.0029000043869 13.6869153976 20.7448387146 0.0 1.0 0.0
1.65083408356 -1.43472731113 0.0029000043869 13.7359523773 20.3528251648 0.0 1.0 0.0
1.66750812531 -1.4121786356 0.0029000043869 13.7815008163 19.933511734 0.0 1.0 0.0
1.68425011635 -1.39033126831 0.0029000043869 13.8252878189 19.4971313477 0.0 1.0 0.0
1.70087599754 -1.36937522888 0.0029000043869 13.8641166687 19.0096626282 0.0 1.0 0.0
1.71755599976 -1.34886789322 0.0029000043869 13.9008932114 18.4983100891 0.0 1.0 0.0
1.73423910141 -1.32989346981 0.0029000043869 13.9326629639 17.9460697174 0.0 1.0 0.0
1.75085496902 -1.31275522709 0.0029000043869 13.9592542648 17.3426704407 0.0 1.0 0.0
1.76757192612 -1.29650270939 0.0029000043869 13.9833707809 16.7086086273 0.0 1.0 0.0
1.78425502777 -1.28127610683 0.0029000043869 14.0039777756 16.0370254517 0.0 1.0 0.0
1.8009250164 -1.26702415943 0.0029000043869 14.0211496353 15.3211011887 0.0 1.0 0.0
1.81755709648 -1.25402164459 0.0029000043869 14.0337352753 14.5711231232 0.0 1.0 0.0
1.83426094055 -1.24232506752 0.0029000043869 14.0429925919 13.821097374 0.0 1.0 0.0
1.85092806816 -1.23158049583 0.0029000043869 14.0497913361 13.0711011887 0.0 1.0 0.0
1.86757302284 -1.22156834602 0.0029000043869 14.0548028946 12.3211050034 0.0 1.0 0.0
1.884319067 -1.21231663227 0.0029000043869 14.0575208664 11.5710735321 0.0 1.0 0.0
1.90094709396 -1.20336616039 0.0029000043869 14.0594806671 10.8211088181 0.0 1.0 0.0
1.91759991646 -1.19456887245 0.0029000043869 14.0613126755 10.0710334778 0.0 1.0 0.0
1.93430495262 -1.1859306097 0.0029000043869 14.062953949 9.32103919983 0.0 1.0 0.0
1.9509510994 -1.17746567726 0.0029000043869 14.064286232 8.57101726532 0.0 1.0 0.0
1.96762394905 -1.16930449009 0.0029000043869 14.0649528503 7.82092428207 0.0 1.0 0.0
1.98442912102 -1.16135895252 0.0029000043869 14.0649375916 7.07092189789 0.0 1.0 0.0
2.00099301338 -1.15349805355 0.0029000043869 14.0645103455 6.32087993622 0.0 1.0 0.0
2.01766610146 -1.14566278458 0.0029000043869 14.0639095306 5.57088518143 0.0 1.0 0.0
2.03434801102 -1.13783204556 0.0029000043869 14.0632915497 4.82091856003 0.0 1.0 0.0
2.05098891258 -1.12999784946 0.0029000043869 14.0627288818 4.07076406479 0.0 1.0 0.0
2.06769800186 -1.12215721607 0.0029000043869 14.0622644424 3.32048654556 0.0 1.0 0.0
2.08440589905 -1.11431133747 0.0029000043869 14.0619020462 2.57054066658 0.0 1.0 0.0
2.10102796555 -1.10646128654 0.0029000043869 14.0616436005 1.81999444962 0.0 1.0 0.0
2.11772799492 -1.09860861301 0.0029000043869 14.0614824295 1.06971466541 0.0 1.0 0.0
2.13439011574 -1.09075450897 0.0029000043869 14.0614328384 0.316517561674 0.0 1.0 0.0
2.15103697777 -1.08290028572 0.0029000043869 14.0614862442 0.424284189939 0.0 -1.0 0.0
2.16775012016 -1.07504749298 0.0029000043869 14.0616416931 1.17701292038 0.0 -1.0 0.0
2.18442106247 -1.06719744205 0.0029000043869 14.0619010925 1.92776095867 0.0 -1.0 0.0
2.20107007027 -1.05935132504 0.0029000043869 14.0622634888 2.67821311951 0.0 -1.0 0.0
2.21776390076 -1.05151069164 0.0029000043869 14.0627269745 3.42835664749 0.0 -1.0 0.0
2.23444104195 -1.04367721081 0.0029000043869 14.0632991791 4.17838191986 0.0 -1.0 0.0
2.25108909607 -1.03585135937 0.0029000043869 14.0639677048 4.92836713791 0.0 -1.0 0.0
2.26781010628 -1.02803504467 0.0029000043869 14.064740181 5.67849206924 0.0 -1.0 0.0
2.28450393677 -1.02022945881 0.0029000043869 14.0656137466 6.42849063873 0.0 -1.0 0.0
2.30111503601 -1.01243591309 0.0029000043869 14.0665903091 7.17843008041 0.0 -1.0 0.0
2.31781697273 -1.00465536118 0.0029000043869 14.0676631927 7.92855119705 0.0 -1.0 0.0
2.33449196815 -0.996892273426 0.0029000043869 14.0688591003 8.67856502533 0.0 -1.0 0.0
2.35114192963 -0.989143133163 0.0029000043869 14.0701408386 9.42860794067 0.0 -1.0 0.0
2.36784911156 -0.981412231922 0.0029000043869 14.0715284348 10.1785488129 0.0 -1.0 0.0
2.384526968 -0.973701059818 0.0029000043869 14.0730218887 10.9285793304 0.0 -1.0 0.0
2.40117096901 -0.966010093689 0.0029000043869 14.0746173859 11.6785793304 0.0 -1.0 0.0
2.41788005829 -0.958340644836 0.0029000043869 14.0763120651 12.428645134 0.0 -1.0 0.0
2.43456697464 -0.950694024563 0.0029000043869 14.0781078339 13.1786174774 0.0 -1.0 0.0
2.45120406151 -0.943071603775 0.0029000043869 14.0800037384 13.9286518097 0.0 -1.0 0.0
2.46791601181 -0.935474574566 0.0029000043869 14.0819978714 14.678609848 0.0 -1.0 0.0
2.48458099365 -0.927904367447 0.0029000043869 14.0840921402 15.4286327362 0.0 -1.0 0.0
2.50123596191 -0.920362234116 0.0029000043869 14.0862855911 16.1786460876 0.0 -1.0 0.0
2.51790809631 -0.91284942627 0.0029000043869 14.0885763168 16.9286327362 0.0 -1.0 0.0
2.53456997871 -0.905368924141 0.0029000043869 14.0909719467 17.6786708832 0.0 -1.0 0.0
2.55124592781 -0.897922098637 0.0029000043869 14.0934696198 18.4286575317 0.0 -1.0 0.0
2.56796002388 -0.890510559082 0.0029000043869 14.0960712433 19.1786708832 0.0 -1.0 0.0
2.58461689949 -0.88313806057 0.0029000043869 14.0987815857 19.9286956787 0.0 -1.0 0.0
2.60127592087 -0.875806748867 0.0029000043869 14.1016025543 20.6786880493 0.0 -1.0 0.0
2.6179869175 -0.868525147438 0.0029000043869 14.1045503616 21.4286804199 0.0 -1.0 0.0
2.63462090492 -0.861268937588 0.0029000043869 14.107665062 22.1786670685 0.0 -1.0 0.0
2.65129899979 -0.853940844536 0.0029000043869 14.1108798981 22.9286804199 0.0 -1.0 0.0
2.66800689697 -0.846526265144 0.0029000043869 14.114235878 23.6786823273 0.0 -1.0 0.0
2.68466210365 -0.838677346706 0.0029000043869 14.1178693771 24.4287033081 0.0 -1.0 0.0
2.70134592056 -0.829739809036 0.0029000043869 14.1219844818 25.1786785126 0.0 -1.0 0.0
2.71873998642 -0.821957945824 0.0029000043869 14.1256990433 25.9252948761 0.0 -1.0 0.0
2.73470592499 -0.816151738167 0.0029000043869 14.128487587 26.4945793152 0.0 -1.0 0.0
2.75138401985 -0.811304807663 0.0029000043869 14.1306619644 26.9581928253 0.0 -1.0 0.0
2.76809692383 -0.807480931282 0.0029000043869 14.1322660446 27.3161373138 0.0 -1.0 0.0
2.78475308418 -0.804722011089 0.0029000043869 14.1335201263 27.5717983246 0.0 -1.0 0.0
2.80140590668 -0.802689909935 0.0029000043869 14.1344604492 27.7627315521 0.0 -1.0 0.0
2.81812691689 -0.80197429657 0.0029000043869 14.134803772 27.8343009949 0.0 -1.0 0.0
2.8347530365 -0.801970720291 0.0029000043869 14.1348056793 27.8343009949 0.0 -1.0 0.0
2.85142612457 -0.801943421364 0.0029000043869 14.1349220276 27.8343009949 0.0 -1.0 0.0
2.8681499958 -0.801778554916 0.0029000043869 14.1381320953 27.8343009949 0.0 -1.0 0.0
2.88475489616 -0.801756620407 0.0029000043869 14.1521282196 27.8343009949 0.0 -1.0 0.0
2.90141892433 -0.802128911018 0.0029000043869 14.1816596985 27.8343009949 0.0 -1.0 0.0
2.91815495491 -0.802317023277 0.0029000043869 14.2200469971 27.8343009949 0.0 -1.0 0.0
2.9347589016 -0.802038311958 0.0029000043869 14.2601089478 27.8343009949 0.0 -1.0 0.0
2.95146489143 -0.801327347755 0.0029000043869 14.3022918701 27.8343009949 0.0 -1.0 0.0
2.96817994118 -0.800426721573 0.0029000043869 14.3485584259 27.8547382355 0.0 -1.0 0.0
2.98482990265 -0.800164222717 0.0029000043869 14.4003582001 27.9263019562 0.0 -1.0 0.0
3.00148797035 -0.800494015217 0.0029000043869 14.4538812637 28.0319690704 0.0 -1.0 0.0
3.01819801331 -0.802609682083 0.0029000043869 14.5093984604 28.1580638885 0.0 -1.0 0.0
3.03483200073 -0.805441856384 0.0029000043869 14.5652065277 28.2876033783 0.0 -1.0 0.0
3.05150604248 -0.809004426003 0.0029000043869 14.622672081 28.4137248993 0.0 -1.0 0.0
3.06822395325 -0.813634634018 0.0029000043869 14.6841983795 28.5227813721 0.0 -1.0 0.0
3.08487510681 -0.822414517403 0.0029000043869 14.7576036453 28.614824295 0.0 -1.0 0.0
3.10152411461 -0.837803721428 0.0029000043869 14.8458986282 28.696603775 0.0 -1.0 0.0
3.11823296547 -0.855535328388 0.0029000043869 14.9445762634 28.7749938965 0.0 -1.0 0.0
3.13487005234 -0.873553395271 0.0029000043869 15.0432567596 28.8704414368 0.0 -1.0 0.0
3.15155100822 -0.89185500145 0.0029000043869 15.1418943405 28.9692707062 0.0 -1.0 0.0
3.16827011108 -0.910389184952 0.0029000043869 15.2404670715 29.0613174438 0.0 -1.0 0.0
3.18491005898 -0.92915558815 0.0029000043869 15.3389940262 29.1533241272 0.0 -1.0 0.0
3.20156812668 -0.948335886002 0.0029000043869 15.4374284744 29.2419624329 0.0 -1.0 0.0
3.21828007698 -0.96744376421 0.0029000043869 15.5358791351 29.3305854797 0.0 -1.0 0.0
3.23491692543 -0.987947702408 0.0029000043869 15.6340484619 29.4226284027 0.0 -1.0 0.0
3.25159406662 -1.00860095024 0.0029000043869 15.7321643829 29.5078220367 0.0 -1.0 0.0
3.26831102371 -1.02940011024 0.0029000043869 15.8302488327 29.5930423737 0.0 -1.0 0.0
3.28495597839 -1.05051803589 0.0029000043869 15.9282522202 29.6748218536 0.0 -1.0 0.0
3.30161905289 -1.07194638252 0.0029000043869 16.0261764526 29.7532196045 0.0 -1.0 0.0
3.31832003593 -1.09337937832 0.0029000043869 16.1240692139 29.8213539124 0.0 -1.0 0.0
3.33496308327 -1.11437940598 0.0029000043869 16.2220153809 29.8758831024 0.0 -1.0 0.0
3.35165691376 -1.13486349583 0.0029000043869 16.3200511932 29.9235916138 0.0 -1.0 0.0
3.36836099625 -1.15590918064 0.0029000043869 16.4179573059 29.9678993225 0.0 -1.0 0.0
3.38501095772 -1.17773032188 0.0029000043869 16.5156764984 30.0087909698 0.0 -1.0 0.0
3.40170693398 -1.20013082027 0.0029000043869 16.613243103 30.0428600311 0.0 -1.0 0.0
3.41837191582 -1.22265100479 0.0029000043869 16.7107601166 30.0701236725 0.0 -1.0 0.0
3.43501996994 -1.24572789669 0.0029000043869 16.8081245422 30.0905761719 0.0 -1.0 0.0
3.45174598694 -1.26957702637 0.0029000043869 16.9052791595 30.1042022705 0.0 -1.0 0.0
3.46840596199 -1.29370367527 0.0029000043869 17.0023574829 30.1143798828 0.0 -1.0 0.0
3.48505091667 -1.3180744648 0.0029000043869 17.0993747711 30.1245765686 0.0 -1.0 0.0
3.50174498558 -1.34265851974 0.0029000043869 17.1963443756 30.1382160187 0.0 -1.0 0.0
3.51841211319 -1.36720395088 0.0029000043869 17.293346405 30.1586494446 0.0 -1.0 0.0
3.53504800797 -1.39149522781 0.0029000043869 17.3904323578 30.1859149933 0.0 -1.0 0.0
3.55175900459 -1.41580212116 0.0029000043869 17.4875240326 30.2165622711 0.0 -1.0 0.0
3.56846404076 -1.44032621384 0.0029000043869 17.5845813751 30.2540130615 0.0 -1.0 0.0
3.58508896828 -1.46510636806 0.0029000043869 17.6815834045 30.2948951721 0.0 -1.0 0.0
3.60179495811 -1.49085867405 0.0029000043869 17.7783260345 30.3357772827 0.0 -1.0 0.0
3.61845397949 -1.51716315746 0.0029000043869 17.8749103546 30.3732128143 0.0 -1.0 0.0
3.63510298729 -1.54398345947 0.0029000043869 17.9713497162 30.4106826782 0.0 -1.0 0.0
3.6518061161 -1.57135045528 0.0029000043869 18.0676250458 30.4447517395 0.0 -1.0 0.0
3.66850304604 -1.59974718094 0.0029000043869 18.1635799408 30.4720039368 0.0 -1.0 0.0
3.68513703346 -1.63153040409 0.0029000043869 18.2584171295 30.4821891785 0.0 -1.0 0.0
3.70184612274 -1.66890370846 0.0029000043869 18.3511714935 30.4821891785 0.0 -1.0 0.0
3.71968603134 -1.71262454987 0.0029000043869 18.4411067963 30.4821891785 0.0 -1.0 0.0
3.73516893387 -1.76079821587 0.0029000043869 18.5287380219 30.4821891785 0.0 -1.0 0.0
3.75190806389 -1.80685055256 0.0029000043869 18.6089515686 30.4708099365 0.0 -1.0 0.0
3.76859903336 -1.84992861748 0.0029000043869 18.6809921265 30.4139385223 0.0 -1.0 0.0
3.78522396088 -1.89074742794 0.0029000043869 18.7488803864 30.3343391418 0.0 -1.0 0.0
3.80192089081 -1.9276406765 0.0029000043869 18.8094558716 30.2150154114 0.0 -1.0 0.0
3.81859707832 -1.96246886253 0.0029000043869 18.8663635254 30.0757827759 0.0 -1.0 0.0
3.83525395393 -1.99556624889 0.0029000043869 18.920249939 29.9195175171 0.0 -1.0 0.0
3.85196995735 -2.02775239944 0.0029000043869 18.9727191925 29.7547092438 0.0 -1.0 0.0
3.86866998672 -2.05931305885 0.0029000043869 19.0242710114 29.5814056396 0.0 -1.0 0.0
3.88529801369 -2.0894510746 0.0029000043869 19.073507309 29.3995685577 0.0 -1.0 0.0
3.90202307701 -2.11844587326 0.0029000043869 19.1209659576 29.2120494843 0.0 -1.0 0.0
3.91866898537 -2.14731144905 0.0029000043869 19.1685028076 29.0216560364 0.0 -1.0 0.0
3.9353249073 -2.17629694939 0.0029000043869 19.2165775299 28.8284358978 0.0 -1.0 0.0
3.95204091072 -2.20512008667 0.0029000043869 19.264749527 28.6352424622 0.0 -1.0 0.0
3.96873497963 -2.2337808609 0.0029000043869 19.3130187988 28.4420413971 0.0 -1.0 0.0
3.98535990715 -2.25598144531 0.0029000043869 19.3470745087 28.24883461 0.0 -1.0 0.0
4.00208306313 -2.27375793457 0.0029000043869 19.3713493347 27.9618587494 0.0 -1.0 0.0
4.01870107651 -2.28854513168 0.0029000043869 19.3903141022 27.5896778107 0.0 -1.0 0.0
4.03540205956 -2.3000357151 0.0029000043869 19.4024753571 27.154958725 0.0 -1.0 0.0
4.0521030426 -2.31063461304 0.0029000043869 19.4106884003 26.612323761 0.0 -1.0 0.0
4.06875705719 -2.31951022148 0.0029000043869 19.4141216278 26.0014572144 0.0 -1.0 0.0
4.08540797234 -2.32785630226 0.0029000043869 19.4133167267 25.2514648438 0.0 -1.0 0.0
4.10212993622 -2.33558797836 0.0029000043869 19.4112987518 24.5014591217 0.0 -1.0 0.0
4.11876893044 -2.34332680702 0.0029000043869 19.4093418121 23.7514457703 0.0 -1.0 0.0
4.13547611237 -2.35107278824 0.0029000043869 19.4074459076 23.001455307 0.0 -1.0 0.0
4.1521859169 -2.35886049271 0.0029000043869 19.4056930542 22.25141716 0.0 -1.0 0.0
4.16885089874 -2.3666536808 0.0029000043869 19.404001236 21.501411438 0.0 -1.0 0.0
4.18551111221 -2.37435173988 0.0029000043869 19.4021148682 20.7513999939 0.0 -1.0 0.0
4.20223212242 -2.38202476501 0.0029000043869 19.4001998901 20.0013923645 0.0 -1.0 0.0
4.21888208389 -2.38971114159 0.0029000043869 19.398355484 19.2513923645 0.0 -1.0 0.0
4.23556900024 -2.39740037918 0.0029000043869 19.3965530396 18.5013694763 0.0 -1.0 0.0
4.25228691101 -2.40510296822 0.0029000043869 19.394821167 17.7513751984 0.0 -1.0 0.0
4.26893091202 -2.41278505325 0.0029000043869 19.3930606842 17.001329422 0.0 -1.0 0.0
4.28559207916 -2.42048239708 0.0029000043869 19.3913726807 16.2513389587 0.0 -1.0 0.0
4.30228900909 -2.42819404602 0.0029000043869 19.3897647858 15.501326561 0.0 -1.0 0.0
4.31893205643 -2.43593263626 0.0029000043869 19.3882808685 14.7513065338 0.0 -1.0 0.0
4.33560395241 -2.44369029999 0.0029000043869 19.3868999481 14.0012435913 0.0 -1.0 0.0
4.3523349762 -2.45145916939 0.0029000043869 19.3855953217 13.2512130737 0.0 -1.0 0.0
4.36898112297 -2.45923876762 0.0029000043869 19.3843688965 12.5011863708 0.0 -1.0 0.0
4.38566708565 -2.46703386307 0.0029000043869 19.3832435608 11.7511959076 0.0 -1.0 0.0
4.40234494209 -2.47483849525 0.0029000043869 19.3821983337 11.0011425018 0.0 -1.0 0.0
4.41899490356 -2.48265171051 0.0029000043869 19.3812332153 10.2511291504 0.0 -1.0 0.0
4.43571901321 -2.49046897888 0.0029000043869 19.3803253174 9.5010471344 0.0 -1.0 0.0
4.4523639679 -2.49829769135 0.0029000043869 19.3795223236 8.75102233887 0.0 -1.0 0.0
4.46900200844 -2.50613594055 0.0029000043869 19.3788204193 8.00093460083 0.0 -1.0 0.0
4.48570394516 -2.51398301125 0.0029000043869 19.3782234192 7.25083684921 0.0 -1.0 0.0
4.50237011909 -2.52183198929 0.0029000043869 19.3776874542 6.50080871582 0.0 -1.0 0.0
4.5190179348 -2.52968740463 0.0029000043869 19.3772525787 5.7505645752 0.0 -1.0 0.0
4.53572106361 -2.537545681 0.0029000043869 19.3769035339 5.00043964386 0.0 -1.0 0.0
4.5524020195 -2.54540777206 0.0029000043869 19.376657486 4.25027132034 0.0 -1.0 0.0
4.56904911995 -2.55327272415 0.0029000043869 19.3765144348 3.49998950958 0.0 -1.0 0.0
4.58574604988 -2.56113767624 0.0029000043869 19.3764533997 2.74945545197 0.0 -1.0 0.0
4.60239911079 -2.56900238991 0.0029000043869 19.376499176 1.9983355999 0.0 -1.0 0.0
4.61906290054 -2.57686686516 0.0029000043869 19.3766651154 1.24676465988 0.0 -1.0 0.0
4.63576292992 -2.58472752571 0.0029000043869 19.3768959045 0.489388436079 0.0 -1.0 0.0
4.65244603157 -2.59258437157 0.0029000043869 19.377248764 0.220286861062 0.0 1.0 0.0
4.66909408569 -2.60043644905 0.0029000043869 19.377702713 0.992280304432 0.0 1.0 0.0
4.68578410149 -2.60828208923 0.0029000043869 19.3782424927 1.74445593357 0.0 1.0 0.0
4.7024679184 -2.6161198616 0.0029000043869 19.3788852692 2.49544858932 0.0 1.0 0.0
4.71944308281 -2.62394762039 0.0029000043869 19.3796482086 3.24634194374 0.0 1.0 0.0
4.73574399948 -2.63176584244 0.0029000043869 19.3804950714 3.99662709236 0.0 1.0 0.0
4.75250697136 -2.63957118988 0.0029000043869 19.3814620972 4.74694728851 0.0 1.0 0.0
4.76954007149 -2.64736318588 0.0029000043869 19.3825321198 5.4971704483 0.0 1.0 0.0
4.78622102737 -2.65514039993 0.0029000043869 19.3837032318 6.24735927582 0.0 1.0 0.0
4.8029499054 -2.66290378571 0.0029000043869 19.3849582672 6.99732637405 0.0 1.0 0.0
4.81956791878 -2.67065000534 0.0029000043869 19.3863162994 7.74746847153 0.0 1.0 0.0
4.83625507355 -2.67837762833 0.0029000043869 19.3877754211 8.4974899292 0.0 1.0 0.0
4.8529689312 -2.68608570099 0.0029000043869 19.3893356323 9.24761676788 0.0 1.0 0.0
4.86914205551 -2.6937725544 0.0029000043869 19.3909950256 9.99761962891 0.0 1.0 0.0
4.88579297066 -2.70143389702 0.0029000043869 19.3927726746 10.7476987839 0.0 1.0 0.0
4.90246701241 -2.70907139778 0.0029000043869 19.394651413 11.4977331161 0.0 1.0 0.0
4.91914010048 -2.71668362617 0.0029000043869 19.3966293335 12.2477579117 0.0 1.0 0.0
4.93581295013 -2.72426939011 0.0029000043869 19.3987064362 12.9977455139 0.0 1.0 0.0
4.95252108574 -2.73182702065 0.0029000043869 19.4008827209 13.7477874756 0.0 1.0 0.0
4.96916794777 -2.73935604095 0.0029000043869 19.4031581879 14.4978523254 0.0 1.0 0.0
4.98584103584 -2.74685907364 0.0029000043869 19.4055137634 15.2478103638 0.0 1.0 0.0
5.00252199173 -2.75432538986 0.0029000043869 19.4079856873 15.9978551865 0.0 1.0 0.0
5.0191988945 -2.76176404953 0.0029000043869 19.4105377197 16.7478637695 0.0 1.0 0.0
5.03588700294 -2.76916337013 0.0029000043869 19.4132041931 17.4979152679 0.0 1.0 0.0
5.05256891251 -2.77652716637 0.0029000043869 19.4159679413 18.2479038239 0.0 1.0 0.0
5.06924009323 -2.78385400772 0.0029000043869 19.4188270569 18.9979553223 0.0 1.0 0.0
5.08591604233 -2.7911427021 0.0029000043869 19.4217815399 19.7479667664 0.0 1.0 0.0
5.10257697105 -2.79839229584 0.0029000043869 19.424829483 20.4979782104 0.0 1.0 0.0
5.11925292015 -2.80560135841 0.0029000043869 19.4279766083 21.2479820251 0.0 1.0 0.0
5.13593506813 -2.81277537346 0.0029000043869 19.4311981201 21.9979705811 0.0 1.0 0.0
5.15263700485 -2.81994271278 0.0029000043869 19.4344234467 22.7479782104 0.0 1.0 0.0
5.16928792 -2.82715272903 0.0029000043869 19.4377193451 23.4980010986 0.0 1.0 0.0
5.18596291542 -2.83443403244 0.0029000043869 19.4411182404 24.2479991913 0.0 1.0 0.0
5.20263791084 -2.84177660942 0.0029000043869 19.4446430206 24.9980106354 0.0 1.0 0.0
5.21931791306 -2.84907245636 0.0029000043869 19.4482631683 25.7480335236 0.0 1.0 0.0
5.23602700233 -2.85632109642 0.0029000043869 19.4519882202 26.4980354309 0.0 1.0 0.0
5.25268006325 -2.86351966858 0.0029000043869 19.4557971954 27.2480220795 0.0 1.0 0.0
5.26934409142 -2.87066745758 0.0029000043869 19.4596939087 27.998052597 0.0 1.0 0.0
5.28603291512 -2.87776374817 0.0029000043869 19.4636802673 28.7480449677 0.0 1.0 0.0
5.30269408226 -2.88480710983 0.0029000043869 19.4677619934 29.4980583191 0.0 1.0 0.0
5.31936812401 -2.89178562164 0.0029000043869 19.4719238281 30.2480697632 0.0 1.0 0.0
5.33604502678 -2.89870905876 0.0029000043869 19.4761753082 30.9980659485 0.0 1.0 0.0
5.35273909569 -2.90556621552 0.0029000043869 19.480506897 31.7480678558 0.0 1.0 0.0
5.36940002441 -2.91235637665 0.0029000043869 19.4849243164 32.4980926514 0.0 1.0 0.0
5.38606905937 -2.91907095909 0.0029000043869 19.4894008636 33.2480888367 0.0 1.0 0.0
5.40274906158 -2.92571854591 0.0029000043869 19.4939479828 33.9980964661 0.0 1.0 0.0
5.41943001747 -2.93230628967 0.0029000043869 19.4985809326 34.7481155396 0.0 1.0 0.0
5.43613195419 -2.93885588646 0.0029000043869 19.5033473969 35.4981002808 0.0 1.0 0.0
5.45279598236 -2.94535112381 0.0029000043869 19.5082111359 36.2481117249 0.0 1.0 0.0
5.46945595741 -2.9518134594 0.0029000043869 19.5131721497 36.9981231689 0.0 1.0 0.0
5.48647093773 -2.95819449425 0.0029000043869 19.5180492401 37.7481231689 0.0 1.0 0.0
5.50289011002 -2.96445703506 0.0029000043869 19.5229625702 38.4981231689 0.0 1.0 0.0
5.51950001717 -2.96990251541 0.0029000043869 19.5273342133 39.1430587769 0.0 1.0 0.0
5.53615999222 -2.97454094887 0.0029000043869 19.5311393738 39.6459465027 0.0 1.0 0.0
5.55285906792 -2.97798609734 0.0029000043869 19.5340099335 40.0152740479 0.0 1.0 0.0
5.56952905655 -2.98057222366 0.0029000043869 19.5362606049 40.3221740723 0.0 1.0 0.0
5.58620905876 -2.98251104355 0.0029000043869 19.5380115509 40.5665206909 0.0 1.0 0.0
5.6028649807 -2.98427248001 0.0029000043869 19.5396156311 40.7938346863 0.0 1.0 0.0
5.61954903603 -2.98578453064 0.0029000043869 19.5409603119 40.9870414734 0.0 1.0 0.0
5.63629508018 -2.98708462715 0.0029000043869 19.5420951843 41.1518478394 0.0 1.0 0.0
5.65292096138 -2.9879565239 0.0029000043869 19.5428581238 41.262676239 0.0 1.0 0.0
5.66957402229 -2.9887611866 0.0029000043869 19.5435638428 41.3649635315 0.0 1.0 0.0
5.68625998497 -2.98938632011 0.0029000043869 19.5441150665 41.4445457458 0.0 1.0 0.0
